5 0.634275878125 0.519240790625 0.61324240625 0.481193746875 0.5695925984375 0.4417917171875 0.536803840625 0.4681838421875 0.5218828281250001 0.606007125 0.5593800328125 0.76613071875 0.5925958375 0.8229178750000001 0.6250269015625001 0.8486190796875 0.6616700109375 0.8423841078125 0.6801704125 0.81321995625 0.6755447 0.6631128875 0.66494523125 0.60768071875 0.634275878125 0.519240790625
5 0.740831425 0.1681021546875 0.757474003125 0.264132040625 0.7756994421875001 0.3234698671875 0.8141736156249999 0.3897687875 0.8594890187500001 0.428887409375 0.88780415 0.42406947656250005 0.91437095 0.3831263015625 0.921391028125 0.3298993421875 0.905450459375 0.22854676093749998 0.90510614375 0.181776128125 0.8921390718750001 0.13195005937499998 0.8557332328125 0.0507101171875 0.7540755546875 0.044685959375 0.740831425 0.1681021546875
5 0.6692801515625 0.315561303125 0.7234600765625 0.2751228921875 0.7286490921875 0.149362040625 0.7137496578125 0.0422962765625 0.550109371875 0.0325990734375 0.5500993953125 0.03405208125 0.5655168046875 0.11468069218750002 0.5947821453125 0.2137660109375 0.6342199046875 0.2851042171875 0.6692801515625 0.315561303125
5 0.416755609375 0.11918001874999999 0.442868603125 0.1927854875 0.4753824 0.2548953421875 0.5028166765625001 0.28144676875 0.5384961968749999 0.270172509375 0.5590198875 0.188631621875 0.55403648125 0.0906178828125 0.5428602671875 0.032169496874999995 0.44303219531250004 0.026253759375 0.406085225 0.032540434374999996 0.40563297968749995 0.043023878125 0.416755609375 0.11918001874999999
5 0.39753981875 0.25253082656250003 0.41455347187499997 0.1976034203125 0.4177191984375 0.12421930625 0.404285140625 0.0328467265625 0.25861389375 0.057633271875 0.2609877171875 0.0780423421875 0.290253053125 0.17712766093750001 0.313213703125 0.22525327968750003 0.3475719421875 0.2610330625 0.381145440625 0.265726890625 0.39753981875 0.25253082656250003
5 0.240781578125 0.40408178906250003 0.271464309375 0.393657753125 0.2863719390625 0.35469843437500004 0.2897992453125 0.2916763046875 0.28148464687499997 0.1942293796875 0.2521365765625 0.058735412499999994 0.12327205000000001 0.080662228125 0.125716753125 0.1530917046875 0.1411341625 0.23372031718750003 0.17373069375 0.33223881875 0.2007245421875 0.3744749265625 0.240781578125 0.40408178906250003
5 0 0.468020321875 0.0316051203125 0.5333324390625 0.0508902640625 0.535254240625 0.0664171671875 0.454563578125 0.0856195765625 0.42007673125 0.12366670312500001 0.4031963671875 0.1093917265625 0.301560378125 0.087573515625 0.23242738125 0.043579392187499996 0.14625471875 0.0085191453125 0.1157976328125 0 0.1172472 0 0.468020321875
5 0.3270081078125 0.6391658375 0.3044878875 0.5753555359375 0.2755668625 0.5230408515625 0.24480139531249998 0.4970562390625 0.2181518625 0.5015907656249999 0.20017462031250002 0.551478884375 0.230747859375 0.7023741234374999 0.22591653906250003 0.7760416453125 0.23266165625 0.8113166640625 0.2556223046875 0.8594422828124999 0.286649353125 0.89578888125 0.3376769328125 0.82987061875 0.3453162828125 0.7349123140625 0.3270081078125 0.6391658375
5 0.23266165625 0.8113166640625 0.23293661718749997 0.7228146859375 0.2037673921875 0.5612740546875 0.17406162812499998 0.47787341562499996 0.10701074375 0.406030446875 0.06448999062500001 0.44448499999999996 0.0515922703125 0.5299315453125 0.05701610625 0.6122606046875 0.06787715625 0.6780547609375 0.1014372734375 0.78161255 0.1444678046875 0.8627459249999999 0.1666437140625 0.87978559375 0.1999556328125 0.8741174375 0.22345282187499999 0.8441030625 0.23266165625 0.8113166640625
5 0.602090771875 1 0.59503279375 0.9525843828125 0.5388697234375 0.7488076421875001 0.5364193859374999 0.7180050984374999 0.5269489703125 0.7404295125 0.4873323640625 0.695137971875 0.45480518593749997 0.73189208125 0.43735110468749994 0.80250416875 0.4386456265625 0.953178053125 0.44836164843750004 1 0.602090771875 1
5 0.92465531875 0.8236523390625001 0.9090590593749999 0.769070390625 0.890916353125 0.7461412125 0.8583064421875 0.7464866734375 0.8165838125 0.71716321875 0.78519906875 0.7329099515624999 0.7662582390625 0.7777587828125 0.75791688125 0.8780397843750001 0.7702646796875 0.9695971968749999 0.7464231765625 0.9528409375000001 0.743876725 0.98449370625 0.7591286671875 0.99230501875 0.9470078875000001 0.9603366187500001 0.9404170421875 0.9510515843749999 0.92465531875 0.8236523390625001
5 0.978106421875 0.650385871875 0.9635139453124999 0.640130003125 0.9314271953125 0.66119943125 0.914675121875 0.7264888234375 0.930258 0.8799347328125 0.9490066031250001 0.9599965296875 0.9667511875000001 0.9569772171875 0.978106421875 0.650385871875
5 0.8551942406249999 0.4244149359375 0.808213240625 0.3855797203125 0.80679584375 0.495089075 0.8198456515625001 0.5813237921875001 0.8481474 0.675369821875 0.8825883734375 0.747558253125 0.91072465625 0.7687869828125 0.9219567812499999 0.6836238453125 0.9706167562499999 0.6233116921875 0.9537125984375001 0.516919821875 0.909195315625 0.41002319062500003 0.8551942406249999 0.4244149359375
5 0.7773248984375 0.619778346875 0.74410909375 0.5629911890625 0.7143072140625 0.542045865625 0.6817800375 0.5787999765625 0.671951928125 0.6533177203125 0.6786009328125 0.7510480515625 0.7112801953125001 0.8859752015625 0.737227721875 0.8867633734375 0.7715859609375 0.9225431546875 0.7684469953125 0.7981993421875 0.78142745 0.749161446875 0.8085174125 0.7289422421875 0.7773248984375 0.619778346875
5 0.46749484687500004 0.24062770000000003 0.4239411546875 0.13877035625 0.39657623124999997 0.24749153906250002 0.36782067500000004 0.26799415312499997 0.41707316250000004 0.3636785765625 0.4504544328125 0.4932830328125 0.47026273749999997 0.5159288046875 0.51260464375 0.5035209140625 0.5289162890625 0.4539162 0.533747609375 0.38024868125 0.5164030234375 0.289541490625 0.46749484687500004 0.24062770000000003
5 0.8096866078125 0.510206940625 0.807593965625 0.427311065625 0.79410373125 0.3567610296875 0.76921590625 0.29855683437499997 0.7406525765625 0.1941488203125 0.7289934046875 0.19613267343750002 0.719165296875 0.27065041875 0.6609521734375 0.316978340625 0.6651508390624999 0.3839061265625 0.6786410734375 0.4544561625 0.713343625 0.537006578125 0.763215390625 0.5909596578125 0.7832025406249999 0.5875587640625 0.8033685390624999 0.5581112046875 0.8096866078125 0.510206940625
5 0.414443978125 0.358922696875 0.375708225 0.2822617953125 0.3389823828125 0.2520881171875 0.316627628125 0.261095115625 0.296984790625 0.311266640625 0.2939017984375 0.4210594046875 0.328590971875 0.60247378125 0.3806514921875 0.676867421875 0.42492057499999997 0.67453810625 0.445086571875 0.64509055 0.4476464015625 0.5145738171875001 0.4374873609375 0.4434569671875 0.414443978125 0.358922696875
5 0.43238180000000004 1 0.4083205875 0.911508759375 0.35292887500000003 0.837681934375 0.3189149484375 0.8486727875 0.2983085234375 0.8938050265624999 0.295404378125 0.9775511234375 0.2978969359375 1 0.43238180000000004 1