8 0.5888888890625 0.655 0.6011111109375 0.6766666671875 0.617777778125 0.7016666671875 0.64444444375 0.725 0.692222221875 0.74 0.71 0.74 0.74555555625 0.725 0.79 0.6883333328125001 0.81444444375 0.6416666671875 0.8311111109375 0.5583333328125 0.8288888890624999 0.47000000000000003 0.8044444437499999 0.41333333281250006 0.7833333328125 0.385 0.757777778125 0.36666666718749996 0.7033333328125 0.3583333328125 0.66555555625 0.37333333281250003 0.6266666671875 0.40833333281249995 0.5911111109375 0.4683333328125 0.577777778125 0.5066666671875 0.5722222218749999 0.54 0.57555555625 0.6133333328125 0.5888888890625 0.655
8 0.5599999999999999 1 0.5511111109375 0.9716666671875 0.5288888890625 0.9316666671875 0.497777778125 0.8949999999999999 0.45444444375000004 0.8699999999999999 0.4166666671875 0.8666666671875 0.357777778125 0.8833333328125 0.32555555625 0.9066666671875 0.2866666671875 0.9616666671875 0.272222221875 1 0.5599999999999999 1
8 0.8911111109375 1 0.8788888890625 0.8916666671875 0.8666666671875 0.8516666671875001 0.8511111109374999 0.82 0.8300000000000001 0.79 0.802222221875 0.7666666671875 0.77444444375 0.7533333328125 0.742222221875 0.7516666671875 0.7066666671874999 0.76 0.67 0.7783333328125 0.6311111109375 0.825 0.6166666671875001 0.8583333328125 0.6066666671875 0.9083333328125001 0.6044444437500001 1 0.8911111109375 1
8 1 0.54 0.99555555625 0.54 0.9688888890625 0.5516666671875 0.9333333328125001 0.585 0.9066666671875 0.6216666671875 0.89 0.6733333328125 0.887777778125 0.8016666671875001 0.8933333328125 0.8150000000000001 0.912222221875 0.8150000000000001 0.9211111109375001 0.8300000000000001 0.9199999999999999 0.8916666671875 0.93444444375 0.985 0.9333333328125001 1 1 1 1 0.54
8 1 0.325 0.9855555562499999 0.3233333328125 0.9411111109375 0.3366666671875 0.9211111109375001 0.35 0.877777778125 0.40499999999999997 0.8466666671875 0.4783333328125 0.83444444375 0.5716666671875 0.8633333328124999 0.625 0.8855555562499999 0.7033333328125 0.8977777781249999 0.6466666671875 0.922222221875 0.6016666671875 0.9733333328124999 0.5549999999999999 1 0.5483333328125 1 0.325
8 0.7877777781249999 0.32 0.827777778125 0.39 0.8411111109375 0.4266666671875 0.8455555562500001 0.45499999999999996 0.85 0.4566666671875 0.8644444437500001 0.4266666671875 0.9111111109375001 0.3633333328125 0.9144444437500001 0.355 0.912222221875 0.3366666671875 0.89555555625 0.2766666671875 0.862222221875 0.225 0.8300000000000001 0.2033333328125 0.79 0.1966666671875 0.7677777781249999 0.20166666718749998 0.747777778125 0.225 0.72555555625 0.2366666671875 0.7144444437499999 0.25166666718749997 0.7144444437499999 0.2633333328125 0.7566666671875 0.2883333328125 0.7877777781249999 0.32
8 0.2266666671875 1 0.2211111109375 0.9766666671875001 0.2 0.9416666671874999 0.16 0.8933333328125 0.1166666671875 0.8666666671875 0.06555555625000001 0.8616666671875001 0.04 0.8683333328125 0 0.9083333328125001 0 0.9466666671875 0.007777778125 0.9633333328125 0 0.975 0 1 0.2266666671875 1
8 0.29111111093750003 1 0.2988888890625 0.9666666671874999 0.297777778125 0.9516666671875 0.33888888906250003 0.8949999999999999 0.332222221875 0.85 0.3311111109375 0.7316666671875 0.3066666671875 0.6799999999999999 0.2733333328125 0.6383333328125 0.242222221875 0.62 0.1833333328125 0.6083333328125 0.1633333328125 0.62 0.10888888906250001 0.6716666671875 0.08555555625 0.7066666671874999 0.0688888890625 0.7616666671875 0.0688888890625 0.86 0.11444444375 0.8699999999999999 0.142222221875 0.8866666671875001 0.19555555625 0.9533333328125 0.21111111093749999 1 0.29111111093750003 1
8 0.04444444375 0.6683333328125001 0.07555555625 0.7316666671875 0.0988888890625 0.6916666671875 0.172222221875 0.6216666671875 0.22444444375 0.615 0.24 0.5816666671874999 0.27444444375 0.5366666671875 0.282222221875 0.515 0.282222221875 0.495 0.27555555625 0.48333333281249996 0.2733333328125 0.45499999999999996 0.2611111109375 0.43 0.2511111109375 0.4216666671875 0.2488888890625 0.4066666671875 0.1911111109375 0.375 0.14777777812499998 0.36833333281249997 0.112222221875 0.37 0.08333333281250001 0.3933333328125 0.057777778125 0.4266666671875 0.0288888890625 0.5016666671875 0.0033333328125 0.6066666671875 0.0033333328125 0.6216666671875 0.04444444375 0.6683333328125001
8 0.3188888890625 0.7083333328125 0.3288888890625 0.7383333328125 0.33555555625 0.7333333328125 0.34555555625 0.6983333328125 0.3566666671875 0.6816666671875 0.37333333281250003 0.6283333328125 0.40888888906250004 0.5833333328125 0.447777778125 0.5716666671875 0.5433333328125001 0.5783333328125 0.527777778125 0.5133333328125 0.50555555625 0.4683333328125 0.48666666718749996 0.445 0.457777778125 0.4216666671875 0.43222222187500003 0.41500000000000004 0.38444444375 0.41500000000000004 0.3466666671875 0.43 0.3111111109375 0.46166666718749994 0.2811111109375 0.5133333328125 0.25888888906249996 0.5783333328125 0.25444444375 0.625 0.2988888890625 0.6733333328125 0.3188888890625 0.7083333328125
8 0.477777778125 0.43666666718749997 0.5177777781249999 0.49000000000000005 0.5311111109375 0.495 0.54 0.475 0.5433333328125001 0.43 0.5566666671875 0.3716666671875 0.5555555562500001 0.3566666671875 0.53444444375 0.32 0.5066666671875 0.2983333328125 0.4733333328125 0.2816666671875 0.44333333281250004 0.27999999999999997 0.4033333328125 0.29333333281249996 0.37 0.325 0.34555555625 0.38 0.3366666671875 0.43666666718749997 0.3911111109375 0.4166666671875 0.44666666718750003 0.4216666671875 0.477777778125 0.43666666718749997
8 0.47222222187499996 0.2866666671875 0.5033333328125 0.30333333281249997 0.527777778125 0.3283333328125 0.5511111109375 0.365 0.557777778125 0.36666666718749996 0.57555555625 0.3333333328125 0.6066666671875 0.3 0.6611111109375 0.2683333328125 0.6633333328125001 0.24666666718750002 0.65444444375 0.1783333328125 0.63444444375 0.1316666671875 0.592222221875 0.065 0.5599999999999999 0.045 0.55 0.045 0.5433333328125001 0.05 0.49444444374999996 0.048333332812500004 0.47000000000000003 0.058333332812500006 0.4588888890625 0.0716666671875 0.43666666718749997 0.14666666718750002 0.43 0.27999999999999997 0.47222222187499996 0.2866666671875
8 0.342222221875 0.37 0.35555555625 0.36 0.38555555625000004 0.3116666671875 0.43 0.2783333328125 0.43 0.22999999999999998 0.42000000000000004 0.20833333281250002 0.3966666671875 0.1833333328125 0.3711111109375 0.16999999999999998 0.32999999999999996 0.1616666671875 0.297777778125 0.17333333281250002 0.2733333328125 0.195 0.2611111109375 0.215 0.26 0.24333333281249997 0.25 0.27999999999999997 0.30333333281249997 0.3166666671875 0.342222221875 0.37
8 0.2311111109375 0.41333333281250006 0.25555555625 0.4516666671875 0.2711111109375 0.49833333281250003 0.2788888890625 0.5083333328124999 0.3011111109375 0.48166666718749995 0.3188888890625 0.4483333328125 0.332222221875 0.445 0.33888888906250003 0.43333333281249997 0.347777778125 0.3616666671875 0.3066666671875 0.31 0.26 0.2883333328125 0.23333333281250002 0.2866666671875 0.20444444375 0.2916666671875 0.1866666671875 0.305 0.1588888890625 0.34500000000000003 0.15555555625 0.36666666718749996 0.162222221875 0.375 0.20555555625 0.39 0.2311111109375 0.41333333281250006
8 0.10333333281249998 0.2666666671875 0.10555555624999999 0.2766666671875 0.11555555625 0.2833333328125 0.11888888906249999 0.2966666671875 0.127777778125 0.3066666671875 0.1411111109375 0.355 0.1588888890625 0.3533333328125 0.20111111093749998 0.3016666671875 0.2611111109375 0.2883333328125 0.2733333328125 0.27999999999999997 0.2788888890625 0.2683333328125 0.27777777812500004 0.2316666671875 0.26 0.185 0.2366666671875 0.14666666718750002 0.19 0.1166666671875 0.1366666671875 0.11333333281249999 0.1111111109375 0.1166666671875 0.097777778125 0.125 0.0811111109375 0.1633333328125 0.0733333328125 0.20166666718749998 0.07555555625 0.22999999999999998 0.09444444375 0.2616666671875 0.10333333281249998 0.2666666671875
8 0 0.465 0.012222221875 0.4933333328125 0.02555555625 0.505 0.0388888890625 0.495 0.061111110937500004 0.43833333281250003 0.08777777812500001 0.3983333328125 0.11444444375 0.37 0.13888888906250002 0.37 0.1488888890625 0.355 0.142222221875 0.315 0.11888888906249999 0.2666666671875 0.08777777812500001 0.2366666671875 0.037777778125 0.225 0 0.23333333281250002 0 0.465
8 0.0011111109375000002 0.9116666671875 0.03444444375 0.8716666671875 0.067777778125 0.8566666671875 0.07444444375 0.73 0.047777778124999996 0.67 0.0288888890625 0.6416666671875 0 0.6133333328125 0.0011111109375000002 0.9116666671875
8 0.247777778125 0 0.2366666671875 0.025 0.2311111109375 0.0533333328125 0.2311111109375 0.10333333281249998 0.2388888890625 0.1533333328125 0.26555555625 0.1916666671875 0.2988888890625 0.1716666671875 0.34555555625 0.1666666671875 0.392222221875 0.1866666671875 0.4166666671875 0.215 0.4311111109375 0.21000000000000002 0.4388888890625 0.1433333328125 0.45222222187499994 0.0916666671875 0.45222222187499994 0.06 0.43 0 0.247777778125 0
8 0.71 0 0.7011111109375 0.0233333328125 0.6799999999999999 0.0533333328125 0.6566666671875 0.1266666671875 0.6466666671875 0.13999999999999999 0.657777778125 0.225 0.6677777781249999 0.2616666671875 0.71 0.26 0.72 0.24 0.782222221875 0.20166666718749998 0.8211111109375 0.2 0.8433333328125 0.21000000000000002 0.862222221875 0.21000000000000002 0.8588888890625 0.1483333328125 0.86555555625 0.1233333328125 0.8644444437500001 0.0866666671875 0.82555555625 0 0.71 0
8 0.5522222218749999 0.5349999999999999 0.56555555625 0.545 0.5711111109375 0.5416666671875 0.58 0.5066666671875 0.602222221875 0.4533333328125 0.637777778125 0.4 0.6666666671875 0.375 0.6977777781250001 0.3616666671875 0.74444444375 0.365 0.7833333328125 0.3916666671875 0.81444444375 0.4483333328125 0.83444444375 0.53 0.8411111109375 0.48 0.8411111109375 0.43833333281250003 0.8288888890624999 0.3916666671875 0.8033333328125 0.3416666671875 0.77444444375 0.30333333281249997 0.7411111109374999 0.275 0.7122222218750001 0.2633333328125 0.6788888890625 0.2633333328125 0.61444444375 0.29 0.5788888890624999 0.3266666671875 0.56555555625 0.3483333328125 0.55444444375 0.3783333328125 0.542222221875 0.44166666718750003 0.542222221875 0.475 0.5522222218749999 0.5349999999999999
8 0.652222221875 0.73 0.63 0.72 0.6266666671875 0.73 0.6333333328124999 0.7616666671875 0.64444444375 0.7616666671875 0.6488888890625 0.775 0.657777778125 0.7783333328125 0.722222221875 0.755 0.7711111109375001 0.7566666671875 0.82555555625 0.7916666671875 0.8411111109375 0.8066666671875 0.86 0.8400000000000001 0.8733333328124999 0.8383333328125 0.8833333328125 0.7966666671875 0.8855555562499999 0.7433333328125 0.8800000000000001 0.6599999999999999 0.85555555625 0.6 0.8388888890624999 0.5766666671875 0.832222221875 0.575 0.82 0.5966666671875 0.8188888890625 0.6233333328125 0.8111111109375001 0.6483333328125 0.792222221875 0.6849999999999999 0.7366666671875 0.7266666671875 0.7088888890625 0.735 0.652222221875 0.73
8 0.34555555625 0.89 0.44666666718750003 0.86 0.49555555625 0.8949999999999999 0.5288888890625 0.9366666671875 0.5533333328125 0.975 0.5566666671875 0.9883333328124999 0.5688888890625 0.9883333328124999 0.5766666671875 0.9650000000000001 0.57555555625 0.9466666671875 0.5822222218750001 0.9233333328125 0.597777778125 0.8933333328125 0.60555555625 0.86 0.6011111109375 0.7683333328125 0.5811111109375 0.635 0.5711111109375 0.6083333328125 0.5511111109375 0.5916666671875 0.527777778125 0.5816666671874999 0.45 0.5683333328125 0.407777778125 0.585 0.3633333328125 0.64 0.337777778125 0.7183333328125 0.32777777812500003 0.7683333328125 0.32555555625 0.8266666671875 0.332222221875 0.885 0.34555555625 0.89