7 0.2769737734375 0 0.258367440625 0.00226468125 0.2532586203125 0.0067091703125 0.252733634375 0.0985170171875 0.3265886203125 0.1736263296875 0.47101489843750005 0.17133805625 0.5257286875 0.1417425453125 0.5888717640625 0.0461357640625 0.6368714640625 0.009712134375 0.6362620578125 0 0.2769737734375 0
7 0 0.22142044843750003 0.0492109984375 0.2609048234375 0.1922090234375 0.23585440000000002 0.276208496875 0.17211305 0.245067375 0.0765141328125 0.1296887375 0.040862878125 0.0488327171875 0.0545269828125 0 0.11373284218749999 0 0.22142044843750003
7 0.2891605921875 0.1781819046875 0.192447065625 0.23964809062499998 0.1662559328125 0.323111915625 0.22020669062499998 0.3815305625 0.3962990796875 0.38303335625 0.46948884062499996 0.34736636718749997 0.4602051859375 0.1994124171875 0.4146348140625 0.17437772812500002 0.3388265875 0.16831411406250002 0.2891605921875 0.1781819046875
7 0.7140590437500001 0.137933121875 0.5650610546875 0.16753649843750001 0.4618714828125 0.2259682546875 0.45487045000000004 0.31474167343750004 0.5150592125 0.3724010578125 0.5855816046875 0.3943986953125 0.6419616890625 0.39135902499999997 0.77729345625 0.34430571875 0.8584364203125 0.235040075 0.8037715328124999 0.16524035625 0.7140590437500001 0.137933121875
7 0 0.47810447187499994 0.0320654765625 0.48852890625 0.1433973921875 0.45968741562500004 0.19549271562499998 0.388361303125 0.1590657578125 0.30869641406250004 0.06335330312500001 0.285942134375 0 0.29966127187499997 0 0.47810447187499994
7 0.6444328484375 0 0.5886337234375 0.042342071875 0.5483002828125 0.100768584375 0.577299021875 0.16222428125 0.7078210390625 0.138692384375 0.7778673453125 0.1531026421875 0.8501049374999999 0.10226089062499999 0.8582961828125001 0.032455925000000004 0.8006222078125 0 0.6444328484375 0
7 0.8064319624999999 0 0.8316778671874999 0.008937140625 0.8592483515625 0.047630690625 0.9333902828125 0.027138465625000004 0.9506760421875 0.0020985312499999997 0.9503374000000001 0 0.8064319624999999 0
7 0.9548630015624999 0.269175428125 0.9855429328125 0.257249778125 0.9751679953125001 0.091903971875 0.9182469046874999 0.0863216203125 0.8131529921875 0.114403846875 0.7781053874999999 0.15689633281249998 0.8303898500000001 0.1887591421875 0.8519603734375 0.23200564687499997 0.923672978125 0.27297174062499996 0.9548630015624999 0.269175428125
7 0.6664376234375 0.3807345921875 0.5937239484375 0.4239889625 0.5735327765625 0.5028998328125 0.6195792359375 0.53552190625 0.7896716625 0.5415776515624999 0.8750993875 0.500598446875 0.9099089499999999 0.454312271875 0.906338315625 0.3974069046875 0.8341496265625 0.34885342812500003 0.6664376234375 0.3807345921875
7 0.30558551718750004 0.4399465875 0.336250553125 0.527958121875 0.4213913359375 0.5825804546875 0.4835333421875 0.5711941359375 0.556008975 0.524146075 0.5546296234375 0.4019887 0.5032973296875001 0.38530065625 0.353585215625 0.40352295781249997 0.30558551718750004 0.4399465875
7 0.21872953437499998 0.458163646875 0.14411152031250002 0.4710684875 0.05868379218749999 0.5120476921875 0.0147308140625 0.61296406875 0.08644341718750001 0.6539301640625 0.2138219796875 0.6804755124999999 0.29443995625 0.6630177171875 0.3302016890625 0.631906303125 0.30844202656249997 0.4854708796875 0.282061753125 0.46574578281249995 0.21872953437499998 0.458163646875
7 0.1705831296875 0.7927729625 0.204440521875 0.7313120203125 0.168965734375 0.6668218968749999 0.054301223437500004 0.6425517125 0.004905009375 0.6567190203125 0.0160612640625 0.8345166734375 0.09091732031250001 0.825405521875 0.1705831296875 0.7927729625
7 0.16477230625 0.9005148343749999 0.12401168437500001 0.8519587375000001 0.01603859375 0.8341553703125 0.02633505 0.9982503906250001 0.076876371875 0.9956297296875001 0.15562889062500002 0.9551450359375 0.16477230625 0.9005148343749999
7 0.265392315625 0.70095725 0.2301066671875 0.7396560437499999 0.22120129375 0.798079934375 0.318103959375 0.8398026703125 0.5227679046875 0.7957785484375 0.5585296375000001 0.7646671359375 0.55519704375 0.7115554609375 0.4827703125 0.65920829375 0.4194380953125 0.6516261546875 0.265392315625 0.70095725
7 0.4262156703125 0.977515840625 0.4620052515625 0.9293222406250001 0.4392445171875 0.86710728125 0.363198246875 0.857249978125 0.208914425 0.902787378125 0.167628815625 0.946039128125 0.1820071140625 0.99017850625 0.4262156703125 0.977515840625
7 0.4541009515625 0.903525665625 0.44642915156249996 0.976467734375 0.5100529765624999 0.9731687203125 0.6746967640625 0.953129 0.6918592609374999 0.8860547593750001 0.671716990625 0.8655704015625 0.5822425421874999 0.842056859375 0.4831485921875 0.8655861328125001 0.4541009515625 0.903525665625
7 0.6036239250000001 0.78211444375 0.6139086515625001 0.845847928125 0.724001453125 0.8974332125 0.8298094921875 0.88073205625 0.9078090031249999 0.8215436593750001 0.8891438921875 0.7244262171875 0.8054313609375001 0.6925660296875 0.6566714171875 0.7259630968749999 0.6036239250000001 0.78211444375
7 0.88161786875 0.9050074828125 0.8053335578124999 0.8913564890625001 0.6815256328125 0.9217165046875 0.6584779515625 0.9551030828125 0.8908436296875 0.9268205515625001 0.88161786875 0.9050074828125
7 0.9150480796875 0.73656393125 0.90014274375 0.799540775 0.921475225 0.8389935890625001 0.9931701046875 0.8701839765624999 0.9944580078125 0.6963171874999999 0.98176179375 0.6978625140625 0.9150480796875 0.73656393125
7 0.9882378390625 0.7008969421875 0.9944539734375001 0.696861696875 0.9956241390624999 0.5388894750000001 0.9273838515625 0.53246125625 0.8470039171874999 0.55371274375 0.79490859375 0.6250388546875 0.7980031453125 0.6743568375 0.9198578312500001 0.7130425234375 0.9882378390625 0.7008969421875
7 0.48781810625000005 0.6394805765625 0.5024364953125 0.67210526875 0.5420069062499999 0.7016929140625 0.5863870671875 0.7077591484375 0.7670511640625 0.6819468421875 0.7776717359374999 0.550683559375 0.6385312921875 0.537037809375 0.5163896625 0.5939536609375 0.48781810625000005 0.6394805765625
7 0 0.57854766875 0.0035130296875 0.6345349609375 0.0288731203125 0.6380013812499999 0.059587059374999994 0.6266176859375 0.05458816875 0.5469501734375 0.095873778125 0.5036984265625 0.075255425 0.47562668593749996 0 0.484786446875 0 0.57854766875
7 0.9531413343749999 0.8427846578124999 0.8737135671875 0.879210909375 0.8907898515625 0.9268270968750001 0.9928425375 0.914405690625 0.9931534484375 0.8724326765624999 0.9927117437499999 0.8723723 0.9531413343749999 0.8427846578124999
7 0.84638759375 0.3435412109375 0.8998622671875 0.39437247656249996 0.9110991640625 0.47328072499999996 0.9790030875 0.4535477640625 0.9962888484375 0.42850782968749995 0.991528 0.352634009375 0.9207675671875 0.3268426796875 0.84638759375 0.3435412109375
7 0 0.29553506875 0.018973143749999997 0.2798758984375 0.0763053984375 0.292010990625 0.11373342812500001 0.287455415625 0.125019225 0.266968434375 0.130305059375 0.251034409375 0.098400909375 0.2434496484375 0.0170688046875 0.24952637187499999 0 0.2127096484375 0 0.29553506875