7 0.27191436874999997 0 0.0012395375 0.0418344125 0.008833603125 0.2981341203125 0.0652176890625 0.32269410625 0.21030743593749998 0.3113106796875 0.320157690625 0.2832916046875 0.40215700312499997 0.24485564843750002 0.46156485937499997 0.1841488671875 0.457732546875 0.1516179953125 0.49227014843749994 0.1057961171875 0.4819009125 0.074275565625 0.518567575 0.04652639375 0.45064346874999994 0.034942353125 0.441551671875 0.014265425000000002 0.40910477500000003 0 0.27191436874999997 0
7 0.399171159375 0 0.43629218593749997 0.0261193703125 0.49099270937500006 0.09495249375 0.4581583578125 0.155232534375 0.46810178281250003 0.183138546875 0.437546228125 0.2062628546875 0.466248796875 0.2239088203125 0.5778023 0.21034791249999998 0.6737270843750001 0.177120396875 0.68509768125 0.16064159218750002 0.7997816078125 0.1171540328125 0.8762453593749999 0.0317290375 0.864939721875 0 0.399171159375 0
7 0.9098845453125 0.3172778015625 0.934904534375 0.24716445625 0.9319238484374999 0.2218626671875 0.8966843593749999 0.205227021875 0.7386705015625 0.16340265 0.6994489640625 0.169464575 0.6056532421874999 0.22076479531249998 0.5766512046875001 0.313575709375 0.5931315500000001 0.3404714 0.6840729249999999 0.37794080937499996 0.8487734390625 0.36352642031250004 0.9098845453125 0.3172778015625
7 0.22193071406249998 0.522974715625 0.2885773828125 0.5237151328125 0.41548353125000004 0.47097785156249994 0.5125594125 0.334522540625 0.49267256562500006 0.27871051874999997 0.43569324218750005 0.247033128125 0.39562008125000003 0.24586596875 0.320583503125 0.286906146875 0.10088299375000001 0.3429442921875 0.027123854687499997 0.39482809375 0.023567620312500002 0.42114020312499995 0.07841787812499999 0.43474488750000007 0.10399002187499999 0.482317503125 0.22193071406249998 0.522974715625
7 0.502845275 0.7040592328125 0.534828003125 0.6365501078125 0.373833459375 0.569423946875 0.261002515625 0.5721412328125 0.23044696406249998 0.5952655421874999 0.2075560359375 0.68345159375 0.1647782625 0.7158256265625 0.16988801250000002 0.7592001234375 0.1994422046875 0.7840751703125 0.28129177968749997 0.800867653125 0.37891981406249997 0.7820983046875 0.502845275 0.7040592328125
7 0.6254699046875001 0.7844764 0.5448977671875 0.7785275375 0.5157693859375 0.75726703125 0.4103269921875 0.7662030796875 0.3021799875 0.8086803171874999 0.29406615625 0.90930389375 0.2656396640625 0.9505009078125 0.31015148125 0.98129854375 0.5470883328125 0.9655027531249999 0.646910265625 0.9099750234374999 0.6736335062500001 0.8543198421874999 0.6254699046875001 0.7844764
7 0.6186569046875 0.7266437390625 0.5933608375 0.7379141031249999 0.5406396421874999 0.742382125 0.5493056265625 0.7594445109375 0.6686734921874999 0.7557169078125 0.7404299109375 0.7998318203125 0.7866141843750001 0.79637411875 0.95587229375 0.7076482625 0.980466471875 0.633920375 0.956171765625 0.5971913828125001 0.8804332984375 0.5757740375 0.8412117609375 0.581835959375 0.7539529609375 0.6321258609375 0.65021381875 0.655520071875 0.5352538140624999 0.6401646484375 0.5049743375 0.7221319390625001 0.539788015625 0.73515304375 0.6104167312500001 0.7131958921875 0.6186569046875 0.7266437390625
7 1 0.407679228125 0.9928618234375 0.40014235 0.9166975453124999 0.3751104625 0.6853503640625 0.38878443281249997 0.6353337765625 0.3597112640625 0.5699645453125 0.36981447031250003 0.5014648921875 0.409844325 0.44418610000000003 0.488623815625 0.4544056 0.57537280625 0.5000143234375 0.623529003125 0.5822897125 0.6439360296875 0.65419586875 0.632822503125 0.6951206546875001 0.64121874375 0.7727121078125 0.621865815625 0.846471246875 0.5699820156250001 0.951062015625 0.5538168859375 1 0.5075904484375 1 0.407679228125
7 0.0687505328125 0.4656818578125 0.0134974703125 0.45553961562499995 0.01546164375 0.5218304687499999 0.035632568749999996 0.6930528765624999 0.06772577656249999 0.6829810765625 0.12272577031250001 0.6413573203125 0.1547084984375 0.5738481953125001 0.126155665625 0.5009737890625 0.0687505328125 0.4656818578125
7 0.185792809375 0.8377097109375 0.19375690625 0.7923145734375 0.1599445890625 0.7312941125 0.09429928125 0.6825543359374999 0.035815365625 0.6946045734374999 0.0625770359375 0.9217730171875 0.1329218765625 0.8974061734375001 0.185792809375 0.8377097109375
7 0.022163840625 0.296225159375 0.0085937359375 0.290038590625 0.0120058171875 0.405196325 0.0559761578125 0.35724561875 0.022163840625 0.296225159375