7 0.2497813859375 0.13315134687500002 0.334982090625 0.20929206093750002 0.394165328125 0.22320633124999997 0.5295346390625 0.18579067656249998 0.5777808578125 0.092077309375 0.559671459375 0.029020001562499998 0.44744788281250003 0.0232010015625 0.2012054859375 0.06283571875 0.1884144828125 0.080521396875 0.19498416875 0.110717678125 0.2497813859375 0.13315134687500002
7 0.8446747015625 0.0569320046875 0.8249959359375 0.0427775671875 0.6314067734375 0.032739610937500004 0.5788820328125001 0.06845977343750001 0.5761197484375 0.1704789921875 0.6720148796875 0.20973790937499998 0.8123114546875 0.1949694671875 0.8594564968749999 0.1248736375 0.8446747015625 0.0569320046875
7 0.51665654375 0.1839567953125 0.44760009062500006 0.2106988546875 0.41197068750000004 0.247687425 0.4439979078125 0.39489429375 0.52208768125 0.4096721203125 0.6859567765625 0.3598557625 0.720223725 0.28792605 0.6728360921875 0.2135124453125 0.5657052874999999 0.17996871718750002 0.51665654375 0.1839567953125
7 0.44866389375000004 0.358982825 0.41771916249999996 0.2741091703125 0.30538112812499996 0.245310303125 0.1582349015625 0.25727453749999996 0.082048828125 0.3086044625 0.050245514062499996 0.391857778125 0.15599517499999999 0.47641111875000003 0.295190571875 0.48526021249999995 0.348625334375 0.4727527375 0.40836850468749997 0.4318828625 0.44866389375000004 0.358982825
7 0.9487991390625 0.24873084374999999 0.8860152078124999 0.21826668906250002 0.8060030484375 0.223331865625 0.722967321875 0.2718575828125 0.7108917531250001 0.359748990625 0.779108309375 0.4151831453125 0.8909051 0.41281540625 0.9720930984375 0.3557969859375 0.9487991390625 0.24873084374999999
7 0.1642633421875 0.2563042109375 0.292503034375 0.243476421875 0.3026562171875 0.175428015625 0.24896017499999998 0.1293768125 0.1804636515625 0.101334728125 0.119358028125 0.107263459375 0.05550880625 0.1292606578125 0.0013824281250000001 0.18662785937499998 0.0015607953125 0.2107073625 0.0215031359375 0.25974905000000004 0.10287775156250001 0.289625015625 0.1642633421875 0.2563042109375
7 0.000704503125 0.0951079828125 0.001468528125 0.198251228125 0.013029748437499999 0.16344501875 0.093601840625 0.103595696875 0.064560809375 0.084829790625 0.000704503125 0.0951079828125
7 0.0636835390625 0.338907515625 0.10369896249999999 0.29339955 0.0593162046875 0.261476159375 0.0019424750000000001 0.2622341828125 0.003282465625 0.443132815625 0.05545274375 0.38711291718749996 0.0636835390625 0.338907515625
7 0.10420283281250001 0.4964676640625 0.050208139062500004 0.5637592859375 0.0625263015625 0.6203773140625 0.1077302703125 0.656075240625 0.19869813593750002 0.6726869453125001 0.3557175796875 0.62006638125 0.38970455937500004 0.575528740625 0.3491665796875 0.5039193453124999 0.269434384375 0.48159245000000006 0.10420283281250001 0.4964676640625
7 0.49244934531249995 0.61759186875 0.55355496875 0.6116631359375 0.6179641250000001 0.534881790625 0.6223688328125 0.440411640625 0.5675716140625 0.4179779734375 0.42288902031250003 0.441265815625 0.379588753125 0.4716756390625 0.4118959390625 0.5914904359375 0.49244934531249995 0.61759186875
7 0.9412976093750001 0.5297192234375 0.872539809375 0.44311845781250003 0.7815719421875 0.42650675312499997 0.7084094328125 0.4343761375 0.6514098625 0.4591775453125 0.6322233609375 0.4857060625 0.6521937 0.6348535875 0.6941128234375 0.655453371875 0.774124984375 0.6503881953125 0.8856604953125 0.589461775 0.9412976093750001 0.5297192234375
7 1 0.5700191296875 0.9125178578125 0.569512 0.8122180203125 0.6247232328125001 0.7968576078125 0.6975164984375 0.8453464171875 0.748312565625 0.9286434218749999 0.7583455296875 1 0.7468601078125 1 0.5700191296875
7 1 0.7467871875000001 0.9050709015624999 0.79339344375 0.880397203125 0.8520588968749999 0.9039510359375 0.9029617343749999 1 0.923352271875 1 0.7467871875000001
7 0.57436520625 0.6786344421875 0.5173656359375001 0.7034358484375 0.46419215156250004 0.77450200625 0.475689103125 0.827345496875 0.5176082265625 0.8479452843749999 0.7206528484375 0.8347971781249999 0.7995825187500001 0.7673987859375 0.775207475 0.7127214093750001 0.7316459281250001 0.68457255625 0.57436520625 0.6786344421875
7 0.737961403125 1 0.83132043125 0.9849731046875 0.8387206718750001 0.97596854375 0.888870590625 0.948362928125 0.8902517328125 0.8973533171874999 0.839840534375 0.866400253125 0.6833810234375 0.8642366765625 0.615145778125 0.8947532718750001 0.6110210406250001 0.96183135 0.6587580296875 1 0.737961403125 1
7 0.6370824140625 1 0.6113010046875 0.9344392765625 0.5737679 0.9053200921875 0.47484920468749997 0.9095217140624999 0.397841921875 0.9570771046875001 0.3846838609375 0.982635296875 0.394513996875 1 0.6370824140625 1
7 0.360663475 1 0.44634941718750004 0.92192241875 0.43841727812500003 0.8567849953125 0.3734855640625 0.816448978125 0.225518125 0.8246386796875 0.15618170625 0.8787728125 0.165476303125 0.9788513796875 0.2171346234375 1 0.360663475 1
7 0.15713586562499998 1 0.157525475 0.9996647078124999 0.1665774796875 0.9552338421875 0.13535278281250002 0.897752259375 0.07572161250000001 0.8817791500000001 0.10144245781250001 1 0.15713586562499998 1
7 0.2274405140625 0.8047956765625001 0.2167647734375 0.75572671875 0.1485482171875 0.7002925640625 0.06771484375 0.701583203125 0.0390390859375 0.713175078125 0.0755723015625 0.8810928718750001 0.12439707656250001 0.8760753765624999 0.2274405140625 0.8047956765625001
7 0.43404994375 0.7793536390625 0.47378540156250004 0.7612377453125 0.5025651546875001 0.7214449703125 0.507231140625 0.6855335 0.4680556125 0.648865246875 0.338453465625 0.6267518953125 0.2123974390625 0.6782953640625 0.25840393125 0.803718578125 0.43404994375 0.7793536390625
7 1 0.948787728125 0.9595694671875 0.9291699375 0.9020286499999999 0.9228047374999999 0.8283062093750001 0.9854582687500001 1 0.9578227546875 1 0.948787728125
7 1 0.4840656140625 0.9840690890625 0.41084228906250003 0.9555755328125001 0.39459274375 0.8470635874999999 0.4120586234375 0.8355479499999999 0.44516588281249997 0.8859591468750001 0.47611894843749997 0.9032045734375 0.5553841875 0.9349892015625001 0.5580816234375 0.9747246593750001 0.5399657312499999 1 0.5092108734374999 1 0.4840656140625
7 0.004092978125 0.55255211875 0.0228654984375 0.6388363453125 0.06663235468749999 0.6392499875000001 0.055415370312500004 0.5590144234375 0.091324740625 0.49463378281250003 0.0173410203125 0.4987286328125 0.0037704515625 0.5090108796874999 0.004092978125 0.55255211875
7 0.7594179359375001 0.23864355 0.7955885859375 0.23282159062500002 0.8457385046875 0.2052159734375 0.9497151046875001 0.252940903125 0.923557125 0.13271085625 0.8465784031249999 0.12303975625 0.8391688187499999 0.17501969374999998 0.761620290625 0.1914084734375 0.7339417171875 0.20758371250000002 0.743255 0.221711528125 0.7594179359375001 0.23864355
7 0.9048920171875 0.046920326562499996 0.8289385078124999 0.042981996875 0.8370038390625 0.050353262499999996 0.8638425156249999 0.116354240625 0.9217939375 0.12460670781250001 0.9048920171875 0.046920326562499996