5 0.7401108296875 0.42533075 0.6947973296875001 0.35590231562499997 0.617966378125 0.30214704062500003 0.5214802953125 0.2795374578125 0.4053390859375 0.288073565625 0.33941796874999997 0.3104932171875 0.27788387187499997 0.374769490625 0.2607974546875 0.43507598124999997 0.27854760624999997 0.525335084375 0.3159528875 0.5844484984375 0.3967379484375 0.6433612828124999 0.5072221578125 0.6739050859375 0.6162055578125 0.671518934375 0.689284484375 0.6429493265625 0.7479323765625 0.5697463859375 0.7610646859375 0.5042823859375 0.7401108296875 0.42533075
5 0.30469681249999997 0.33747384375 0.4053390859375 0.288073565625 0.5598380656249999 0.277948471875 0.5574714390625 0.17162030156250002 0.48095798125 0.09763089375 0.42891957812500003 0.0710515265625 0.3464316234375 0.056376160937499996 0.2080665765625 0.066897159375 0.154007784375 0.10478934531249999 0.11009205312499999 0.022901540625 0.047615775 0.2434114859375 0.1180166421875 0.21270650156249998 0.173374159375 0.2849116453125 0.30469681249999997 0.33747384375
5 0.6697739515625 0.214859925 0.7616709328125 0.2727802625 0.7968250015625 0.28249874531249997 0.8749259374999999 0.2553174921875 0.9717295125 0.2576929421875 0.99666168125 0.2327439015625 0.9982764968750001 0.1237439140625 0.5887150765625 0.0105190140625 0.58021485625 0.07223390156250001 0.601486209375 0.13095140624999999 0.6697739515625 0.214859925
5 0.89319566875 0.2481750890625 0.8050507124999999 0.272579634375 0.7642396453125 0.3019410609375 0.7134999703125 0.385459021875 0.7563601703125 0.4826598984375 0.7614975937499999 0.5409814953125001 0.7941983593749999 0.5784724234375 0.86707520625 0.6270701875 0.9684256343750001 0.6550889203125 0.9916173890625 0.5732336546875 0.9962007281249999 0.2638583 0.9828414359375 0.2567004953125 0.89319566875 0.2481750890625
5 0.69430649375 0.64433768125 0.5455799265625 0.6723161015625 0.472068090625 0.664186603125 0.34972155625 0.6181702687499999 0.33433803125 0.6342393375 0.3151158125 0.7020841375 0.328161453125 0.7707207546875 0.3795648609375 0.8377683875 0.43053536093749994 0.8681169125 0.5209315328125 0.8931072953125 0.60875899375 0.8889368828125 0.6829058203125 0.8565981171875 0.72905639375 0.8083909109375 0.7396199921875 0.7137661125 0.69430649375 0.64433768125
5 0 0.8872826390625 0.0276200296875 0.8949183078124999 0.1106275640625 0.8121921671875001 0.12055617031250002 0.7580356312500001 0.0748097609375 0.6519080875000001 0 0.62196530625 0 0.8872826390625
5 0 0.6222951765625 0.08592168125 0.65091564375 0.1293014609375 0.6507150125 0.21349231093749999 0.62115295625 0.28902453281249996 0.5648109015625 0.2647515625 0.440233490625 0.278951775 0.3710003359375 0.24731890625 0.3297402515625 0.0808421859375 0.267459571875 0.0387758328125 0.2746120453125 0 0.411471296875 0 0.6222951765625
5 0.8707032359375001 1 0.89262926875 0.9226120968749999 0.8299294937499999 0.872857115625 0.7606892625 0.8496509937500001 0.701175553125 0.8494557140625 0.6037369828125 0.8875485281250001 0.5189111421875 0.9575788515625 0.503435321875 1 0.8707032359375001 1
5 0.11633650625 0.0008617515625 0.109560896875 0.024776253125 0.146734559375 0.0540060609375 0.196954653125 0.06788960625 0.279760103125 0.0623308375 0.371108765625 0.026618826562499996 0.396395384375 0.0029362625 0.11633650625 0.0008617515625
5 0.8714622234375 0.66892680625 0.830333659375 0.7185223656249999 0.8132472421875001 0.778828853125 0.833133196875 0.8615496484375 0.892046928125 0.9246674640625001 0.9703229796875 0.6483922453125001 0.9162273984375 0.644722890625 0.8714622234375 0.66892680625
5 0.5104974140625 1 0.5321588671875 0.9490480937499999 0.4994580984375 0.9115571656249999 0.5069334046875 0.885173078125 0.41365102656249997 0.8512560265625 0.30882381875 0.7816323140625 0.1597797578125 0.8298448687500001 0.12121990468749999 0.9086012265625 0.1230382125 0.9212970484375 0.40772553125 1 0.5104974140625 1