5 0.5895270765625 0.6541494218749999 0.6479185046875 0.6495998578125 0.7999294203125 0.61283343125 0.824540859375 0.585993328125 0.8215078171875 0.547065709375 0.7874520984375 0.521236296875 0.7219601078125 0.5031967734375 0.5515426765625 0.5093541203124999 0.4168353515625 0.562574125 0.398635146875 0.60315613125 0.44930512812499995 0.6365919421874999 0.49287454375 0.647438665625 0.5895270765625 0.6541494218749999
5 0.2971095703125 1 0.3754688609375 0.9912599640625 0.4271733203125 0.9694296250000001 0.46157418906250003 0.93114570625 0.4592304734375 0.901065275 0.408422628125 0.8658600265624999 0.332038284375 0.845108821875 0.2677870828125 0.842994234375 0.1670670296875 0.852622009375 0.03753015 0.9036589828125001 0.015400290624999998 0.9623489546874999 0.070792528125 1 0.2971095703125 1
5 0 0.83323694375 0.0023025734375 0.8627893500000001 0.0076798171875 0.8632604734375 0.14514445625 0.845429209375 0.2702002171875 0.80542245625 0.297086925 0.7392411390625 0.2575850296875 0.7120558828125 0.175892375 0.691718275 0.0688989515625 0.6893735875 0 0.6947418453124999 0 0.83323694375
5 0 0.6876211296875 0.0418059296875 0.6843638234375 0.141560925 0.6623499859375 0.218290421875 0.61898785625 0.2205656890625 0.579646640625 0.18692356875 0.5591255390625001 0.11626113125 0.5432690499999999 0.035671401562499996 0.5370869390624999 0 0.5414668375 0 0.6876211296875
5 0 0.541664909375 0.0409797125 0.5366733421875 0.1139174171875 0.5131886171875 0.1647946828125 0.4807416546875 0.173894784375 0.460450653125 0.160658715625 0.42765854062499997 0.115986375 0.4026563203125 0.06180033593749999 0.392636790625 0 0.3912824765625 0 0.541664909375
5 0 0.3830875453125 0.07676021093749999 0.3790099390625 0.1767909359375 0.360534978125 0.2392498859375 0.3396468828125 0.2746158125 0.3137490234375 0.27730467812500004 0.2797161203125 0.2373891859375 0.247222553125 0.1880978609375 0.2314811140625 0.0808287078125 0.2255975515625 0 0.23189531406250002 0 0.3830875453125
5 0 0.1574974359375 0.06593825 0.17157219375 0.1409439390625 0.174629025 0.2466965734375 0.16104877812500001 0.25400442343749996 0.1177550921875 0.28378630781249997 0.0887319546875 0.36092940156250003 0.0506781359375 0.3541045671875 0.0316279234375 0.34747876875 0.030363993750000002 0 0.057437775 0 0.1574974359375
5 0.40566921406249995 0.282175859375 0.4655771625 0.29709010468749997 0.5354124046875001 0.30232996875 0.636270325 0.29447163125000003 0.729751946875 0.260485334375 0.78304235 0.19046659531250001 0.7386457390625 0.1690032484375 0.6844596984375 0.15898371718749998 0.64730151875 0.1618788953125 0.5745016781250001 0.1871330578125 0.41511446718749995 0.197771521875 0.3695455125 0.2298048859375 0.3717513609375 0.2581158828125 0.40566921406249995 0.282175859375
5 0.2731696859375 0.0895591484375 0.2453179171875 0.14335440625 0.3345247359375 0.1915894125 0.42586895468749997 0.198713765625 0.5955970578125 0.183709234375 0.6844596984375 0.15898371718749998 0.715068778125 0.140577203125 0.7392666218749999 0.1084287875 0.7365093109374999 0.0730400453125 0.7137595421875 0.055230621875 0.621312396875 0.0339507703125 0.5087349296875 0.0284808046875 0.4398647453125 0.0356269984375 0.35575895625 0.052861170312500004 0.2731696859375 0.0895591484375
5 0.6677740671875 0.49317724375000005 0.69934820625 0.48715678906250004 0.9183676328124999 0.4878936953125 0.9765694968749999 0.4809111546875 0.9643183343749999 0.3236734921875 0.8792803093750001 0.328942896875 0.7275451265624999 0.3692481953125 0.6610186546875 0.406474821875 0.6323396953125 0.4496534578125 0.687904390625 0.47736735937499997 0.6677740671875 0.49317724375000005
5 0.738020959375 0.7778731328124999 0.7780743171875 0.8121361359374999 0.7860020750000001 0.845341846875 0.8136465562499999 0.8574293609374999 0.8724515796875 0.8581881078125001 0.9644277265625 0.8448206125000001 0.9725484453125001 0.662104409375 0.884792984375 0.6738680953125 0.786140915625 0.7100374265625 0.7458802703125 0.7416571953125 0.738020959375 0.7778731328124999
5 0.7989916890625001 0.9992053296875 0.958117215625 0.9868070765624999 0.9643261750000001 0.847105509375 0.9304294109375 0.8483302328125 0.772282990625 0.8748936296875 0.710926965625 0.909937221875 0.6978972078125001 0.94833619375 0.73222865625 0.9777044828125 0.7989916890625001 0.9992053296875
5 0.7310572859375 0.8941273390625 0.8137844234375 0.8591987968750001 0.7853127468750001 0.8364946609375 0.7040336859375 0.821465365625 0.6023485749999999 0.818707078125 0.5123830093749999 0.8292770984375 0.4027007203125 0.8609653125 0.45364643125 0.8979399953125 0.4528876828125 0.9567450203125001 0.5716006578124999 0.9724180125 0.6827994671875001 0.96019360625 0.7310572859375 0.8941273390625
5 0.7478103890625001 0.766429315625 0.76125374375 0.73333865625 0.8072362953125 0.706613603125 0.9329813828125 0.6754540359375001 0.88830904375 0.650451815625 0.88093275 0.624323853125 0.7370568734375 0.6284132171875 0.637164015625 0.6486576140625 0.5647777703125 0.6792200875 0.5360988109375 0.7223987234375 0.56470835 0.7468722984375 0.6302003421875 0.764911821875 0.7478103890625001 0.766429315625
5 0.446203640625 0.528242678125 0.4479274453125 0.48182371249999995 0.4201450984375 0.46796676093749995 0.28143967187499996 0.46987309218749995 0.1727918609375 0.44629515625 0.159486371875 0.48115525156250005 0.0571803765625 0.538971428125 0.17058503593750002 0.5550580187499999 0.232147371875 0.5912055078125 0.3276969796875 0.58376076875 0.4004968203125 0.5585066046875 0.446203640625 0.528242678125
5 0.19222993125 0.8328596546875 0.19319498906250002 0.8452457156250001 0.30535886093750003 0.8454073703124999 0.37016152343750003 0.8545997062499999 0.4444778828125 0.8488093515624999 0.5283079453124999 0.8280363078124999 0.5748419578124999 0.8083890031250001 0.5993155328124999 0.7797794609375 0.5976611453125 0.758546215625 0.5307904999999999 0.7228123203125 0.43903268124999995 0.7103796546875001 0.36471631875 0.7161700093750001 0.2963975984375 0.7303939515625 0.264616175 0.802297178125 0.19222993125 0.8328596546875
5 0.366786253125 0.46856385625 0.44082688281250004 0.4592346265625 0.571328821875 0.42058371406250006 0.595802396875 0.3919741734375 0.5869095796875 0.346382403125 0.498943553125 0.3140723328125 0.30784433906249997 0.3289618125 0.1982999140625 0.362419465625 0.152868825 0.39622226718750003 0.14949063125 0.42140798593750006 0.1891303921875 0.45036267656250006 0.27599349375000004 0.4685172515625 0.366786253125 0.46856385625
5 0.7840074078125 0.20285265625 0.7438846296875 0.23624186093750002 0.7414714953125 0.2738136375 0.829713253125 0.309662584375 0.9632252593749999 0.3096443828125 0.9518316531250001 0.1634130375 0.8674238703125001 0.1767712984375 0.7840074078125 0.20285265625