5 0.419934640625 0.828431371875 0.44607843125 0.7990196078125 0.4673202609375 0.740196078125 0.47385620937499995 0.5833333328125 0.43464052343750004 0.455882353125 0.3986928109375 0.436274509375 0.364379084375 0.48039215625000004 0.3513071890625 0.51960784375 0.33823529375 0.6078431375 0.33823529375 0.66176470625 0.3611111109375 0.8039215687500001 0.383986928125 0.828431371875 0.419934640625 0.828431371875
5 0.0931372546875 0.4705882359375 0.1209150328125 0.4705882359375 0.1568627453125 0.4264705875 0.1813725484375 0.3578431375 0.187908496875 0.2990196078125 0.186274509375 0.20588235312499997 0.1486928109375 0.08333333281250001 0.09640522812499999 0.0588235296875 0.0571895421875 0.1078431375 0.0359477125 0.19607843125 0.032679739062500004 0.2450980390625 0.0408496734375 0.2892156859375 0.044117646875 0.38725490156250003 0.060457515625 0.436274509375 0.0931372546875 0.4705882359375
5 0.19771241875 0 0.187908496875 0.0588235296875 0.19444444375 0.186274509375 0.222222221875 0.30392156875 0.2810457515625 0.3333333328125 0.30882352968750004 0.2990196078125 0.3333333328125 0.2254901953125 0.3431372546875 0.12745097968750002 0.3431372546875 0.0490196078125 0.3333333328125 0 0.19771241875 0
5 0.349673203125 0 0.349673203125 0.10294117656249999 0.36274509843749997 0.19607843125 0.3970588234375 0.26960784375 0.43300653593750005 0.27450980468749997 0.454248365625 0.2450980390625 0.47385620937499995 0.1813725484375 0.4852941171875 0.1078431375 0.48202614375 0.034313725 0.47385620937499995 0 0.349673203125 0
5 0.48039215625000004 0 0.4852941171875 0.1127450984375 0.5016339875 0.1813725484375 0.527777778125 0.23039215624999998 0.545751634375 0.24019607812500002 0.5767973859375 0.23039215624999998 0.6029411765625 0.1911764703125 0.616013071875 0.14215686249999998 0.62581699375 0.044117646875 0.6225490203125 0 0.48039215625000004 0
5 0.6372549015625 0 0.6307189546874999 0.0245098046875 0.6274509796875 0.1568627453125 0.6372549015625 0.25 0.651960784375 0.30882352968750004 0.6732026140625 0.3431372546875 0.704248365625 0.348039215625 0.7369281046875 0.313725490625 0.7549019609375 0.26960784375 0.76797385625 0.171568628125 0.76797385625 0.0931372546875 0.7532679734375 0 0.6372549015625 0
5 0.90849673125 0.44117647031249996 0.9264705875000001 0.436274509375 0.955882353125 0.328431371875 0.9607843140625001 0.2549019609375 0.957516340625 0.1764705875 0.9281045750000001 0.0735294125 0.8986928109375001 0.0392156859375 0.8725490203125 0.0392156859375 0.8447712421875 0.0735294125 0.8186274515624999 0.16176470625 0.810457515625 0.23039215624999998 0.8153594765625 0.328431371875 0.8545751640624999 0.33823529375 0.8790849671875 0.367647059375 0.90849673125 0.44117647031249996
5 0.7728758171875 0.7794117640625 0.7859477125 0.73039215625 0.7859477125 0.69607843125 0.76797385625 0.6274509796875 0.76960784375 0.48039215625000004 0.7434640515625001 0.436274509375 0.7173202609375 0.436274509375 0.6928104578125 0.46568627500000004 0.6748366015625 0.51960784375 0.6650326796875 0.5833333328125 0.6650326796875 0.6764705875 0.689542484375 0.7647058828125 0.75 0.8186274515624999 0.7728758171875 0.7794117640625
5 0.8611111109375 0.784313725 0.8790849671875 0.7647058828125 0.9052287578125 0.6813725484375001 0.918300653125 0.578431371875 0.9166666671874999 0.5147058828125 0.9068627453125 0.436274509375 0.8790849671875 0.3578431375 0.831699346875 0.328431371875 0.7810457515625 0.4068627453125 0.76797385625 0.490196078125 0.76960784375 0.6470588234375 0.7859477125 0.73039215625 0.8006535953125 0.759803921875 0.828431371875 0.784313725 0.8611111109375 0.784313725
5 0.614379084375 1 0.616013071875 0.8970588234375001 0.58986928125 0.7549019609375 0.560457515625 0.6911764703125 0.5228758171875 0.66176470625 0.49346405156250006 0.7107843140625 0.48039215625000004 0.6911764703125 0.48366013125 0.7205882359375 0.4673202609375 0.921568628125 0.4705882359375 1 0.614379084375 1
5 0.2990196078125 1 0.33169934687499997 0.9754901953124999 0.3235294125 0.9460784312499999 0.30392156875 0.965686275 0.2990196078125 0.8774509796875 0.2728758171875 0.784313725 0.2467320265625 0.7450980390625 0.2140522875 0.7352941171875 0.1797385625 0.76960784375 0.1486928109375 0.7745098046875001 0.135620915625 0.7990196078125 0.1307189546875 0.8529411765624999 0.13888888906250002 0.9754901953124999 0.12745097968750002 1 0.2990196078125 1
5 0.12581699375 1 0.132352940625 0.9852941171875 0.135620915625 0.9068627453125 0.12254902031249999 0.759803921875 0.09477124218750001 0.7009803921875 0.060457515625 0.686274509375 0.0310457515625 0.715686275 0.0049019609375 0.7794117640625 0 0.8088235296875 0 1 0.12581699375 1
5 0.1568627453125 0.7745098046875001 0.1764705875 0.7009803921875 0.186274509375 0.6078431375 0.1830065359375 0.5245098046875001 0.16176470625 0.421568628125 0.12418300625 0.46568627500000004 0.0702614375 0.4607843140625 0.0473856203125 0.5686274515624999 0.0506535953125 0.671568628125 0.1078431375 0.7205882359375 0.133986928125 0.7990196078125 0.1568627453125 0.7745098046875001
5 0.3202614375 0.8823529406249999 0.3447712421875 0.8774509796875 0.3513071890625 0.7450980390625 0.33986928125000004 0.651960784375 0.3169934640625 0.5833333328125 0.2794117640625 0.55392156875 0.2549019609375 0.578431371875 0.23366013125 0.6372549015625 0.223856209375 0.7450980390625 0.25326797343749996 0.759803921875 0.27450980468749997 0.8039215687500001 0.294117646875 0.921568628125 0.3202614375 0.8823529406249999
5 0.5212418296875 0.46568627500000004 0.5294117640625 0.33823529375 0.5588235296875 0.24019607812500002 0.527777778125 0.2254901953125 0.48202614375 0.12745097968750002 0.4591503265625 0.23039215624999998 0.421568628125 0.28431372499999996 0.421568628125 0.37254902031250003 0.439542484375 0.44117647031249996 0.46405228750000005 0.4852941171875 0.5065359484374999 0.490196078125 0.5212418296875 0.46568627500000004
5 0.241830065625 0.6078431375 0.2794117640625 0.5490196078125 0.2973856203125 0.46568627500000004 0.2973856203125 0.3970588234375 0.2892156859375 0.3333333328125 0.2254901953125 0.2990196078125 0.2026143796875 0.23039215624999998 0.1911764703125 0.23039215624999998 0.1830065359375 0.3333333328125 0.16993464062500002 0.3921568625 0.16993464062500002 0.4607843140625 0.1830065359375 0.5392156859375 0.19771241875 0.5833333328125 0.222222221875 0.6078431375 0.241830065625 0.6078431375
5 0.6209150328125 0.6274509796875 0.6568627453125 0.5490196078125 0.6568627453125 0.37254902031250003 0.633986928125 0.26960784375 0.60620915 0.2254901953125 0.5833333328125 0.2205882359375 0.55392156875 0.2549019609375 0.5310457515625 0.3333333328125 0.5245098046875001 0.4166666671875 0.527777778125 0.4852941171875 0.55392156875 0.6078431375 0.578431371875 0.6323529406249999 0.6209150328125 0.6274509796875
5 0.7647058828125 1 0.7565359484374999 0.8970588234375001 0.7385620921875 0.8186274515624999 0.7107843140625 0.7794117640625 0.6764705875 0.7745098046875001 0.6372549015625 0.8529411765624999 0.62581699375 1 0.7647058828125 1