7 0.5107507109375 1 0.54831993125 0.9927054406250001 0.5260664125 0.9763326953125 0.6007168140625 0.9032065781249999 0.6019019375 0.882282909375 0.6558240140625 0.8511196671875 0.6159915109375 0.8381601125 0.61483936875 0.807343475 0.5711114203125 0.7778956375 0.564099615625 0.7482167296875 0.49459575312500004 0.713426846875 0.4129665328125 0.70513375 0.311015025 0.7145822015625 0.18443974531250001 0.7495052421875 0.074809659375 0.8561523109375001 0.1087944609375 1 0.5107507109375 1
7 0.6171766375 0.81723644375 0.5925198843749999 0.8944513390625 0.5334842515625 0.9817902765625 0.640110296875 0.9921277640625 0.71042623125 0.9784749968750001 0.831547884375 0.9204683609375 0.8452314218750001 0.9005668890624999 0.8971892828125 0.88702965625 0.9647948968750001 0.835964940625 0.9636757375 0.753407996875 0.8719183546875 0.702245365625 0.7609908296875 0.699640921875 0.74615515 0.6887257578125 0.654364784375 0.689303434375 0.555529634375 0.7119425109375 0.5367655250000001 0.7362793703125 0.5699592765625 0.747079 0.57033233125 0.7745979828125 0.6171766375 0.81723644375
7 0.6208309609375 0.5992445203125001 0.674687071875 0.6715618875 0.7703728828124999 0.6874724921875 0.8055308515625 0.6806461078125 0.9262794515625 0.595120490625 0.9509032203125001 0.5696459 0.9454495968750001 0.54656230625 0.9021276828125 0.4928931453125 0.8357401765624999 0.47129388906249997 0.6915859140625 0.5096301203125 0.62631756875 0.5705878078125 0.6208309609375 0.5992445203125001
7 0.43457289374999997 0.5112476171875 0.3103678671875 0.5043233218750001 0.254108521875 0.5255935953125 0.166959709375 0.597697515625 0.1602879765625 0.647277896875 0.11808522343750001 0.6761656796875 0.129398509375 0.6981115421874999 0.20828442812499998 0.7207329953125 0.41218744375 0.70183609375 0.48873609218749997 0.714564578125 0.5223358796875 0.70114288125 0.5606431890625 0.65576681875 0.55989708125 0.60072885625 0.43457289374999997 0.5112476171875
7 0.13548905312499998 0.33479167187500003 0.1448381234375 0.374363546875 0.1913093765625 0.389483028125 0.23852673750000003 0.45964046875 0.2717204890625 0.47044009999999997 0.3682183734375 0.437908053125 0.48351334843749993 0.3292988421875 0.43511086250000003 0.28006506875000003 0.3054522109375 0.250057178125 0.2167782015625 0.263825478125 0.15269498125 0.303859496875 0.13548905312499998 0.33479167187500003
7 0.429284184375 0.2294624921875 0.447269203125 0.201827975 0.5136896921874999 0.1716869265625 0.5324867828125 0.0956097609375 0.49228122812499997 0.05513122499999999 0.36105560312499996 0.0323254375 0.2083137640625 0.06198228125000001 0.1563163234375 0.1376078796875 0.193405525 0.1648957890625 0.23201991875 0.25051931875 0.33708778281249996 0.2542614921875 0.429284184375 0.2294624921875
7 0.5234118171875 0.238777784375 0.45661827656250004 0.24139985 0.431215415625 0.263576784375 0.48273425937500003 0.3260011859375 0.5753366953125 0.2769808609375 0.6706494515625 0.265372484375 0.760475603125 0.28242081875 0.7956335703125 0.2755944359375 0.853078040625 0.2334004921875 0.8620870421875001 0.19371308125 0.8179860390625 0.1367462625 0.6465306671875 0.11140482968750001 0.606292128125 0.1226666 0.55938185625 0.1835087515625 0.45702431250000003 0.217178525 0.45506009687500004 0.23480453906249998 0.5011582984375 0.2224050375 0.5261551203125 0.22444942812500002 0.5234118171875 0.238777784375
7 0.45333700312499997 0.48691075625 0.5267363125 0.5381889203125 0.5974253 0.552055134375 0.6560219109375 0.5406778296875 0.689248646875 0.499737153125 0.8896622531249999 0.44013064531249996 0.946327634375 0.3946390453125 0.9697992609374999 0.3383478171875 0.958485975 0.316401953125 0.8624271125 0.2729723671875 0.7686725328125 0.29117605625 0.689786615625 0.2685546046875 0.6179125015625 0.2756120578125 0.5858708921875 0.29562906718750004 0.5214146203125 0.30814410312499996 0.45811048750000005 0.3514757765625 0.43463886093750004 0.40776700468750005 0.45333700312499997 0.48691075625
7 0.1810822671875 0.5018344140625 0.13267978125 0.4526006390625 0.0729310265625 0.43316130625 0.0032274421875 0.43570477968750004 0.0041256875 0.5569678046875 0.032154520312500004 0.675605625 0.0563722546875 0.6743523609375 0.142335940625 0.62317210625 0.179864159375 0.5744983875 0.1810822671875 0.5018344140625
7 0.0032471140624999997 0.438360325 0.0955905828125 0.42531272812500004 0.13586210625 0.362310653125 0.1452771421875 0.298401915625 0.12420874687500001 0.2611055 0.060564546875 0.22517788749999998 0.0016707296875 0.22554853125 0.0032471140624999997 0.438360325
7 0.1562935828125 0.7860105328125 0.16570861875 0.722101796875 0.0813690765625 0.67639675 0.0326219734375 0.6775842203125 0.07708200312499999 0.865770475 0.1562935828125 0.7860105328125