3 0.289473684375 0.29064039375 0.28254847656250004 0.31034482812499997 0.27977839375 0.3793103453125 0.289473684375 0.541871921875 0.31024930781250004 0.645320196875 0.344875346875 0.704433496875 0.4127423828125 0.7660098515625 0.4501385046875 0.7807881765625 0.47783933593750005 0.7783251234375 0.537396121875 0.73891625625 0.588642659375 0.65763546875 0.6135734078125 0.573891625 0.6149584484374999 0.41625615781249997 0.6011080328125 0.3571428578125 0.5955678671875 0.35467980312499997 0.5747922437499999 0.2931034484375 0.5360110796875001 0.2290640390625 0.46814404375 0.1699507390625 0.41412742343750003 0.15763546875 0.3531855953125 0.1847290640625 0.32963988906249997 0.22167487656249998 0.317174515625 0.2266009859375 0.3157894734375 0.24384236406249998 0.290858725 0.25369458125 0.28254847656250004 0.2660098515625 0.289473684375 0.29064039375
3 0 0.7339901484375 0.06648199375 0.7906403937500001 0.1052631578125 0.80541871875 0.1578947375 0.79802955625 0.20360110781250002 0.7635467984375001 0.22853185625 0.7339901484375 0.2645429359375 0.6699507390624999 0.28393351875 0.6182266015625 0.2977839328125 0.5246305421875 0.290858725 0.3793103453125 0.2603878109375 0.26847290625000003 0.2368421046875 0.2266009859375 0.186980609375 0.17733990156249999 0.131578946875 0.1699507390625 0.09833795 0.1847290640625 0.0595567859375 0.21674876875 0.0249307484375 0.26108374375 0 0.31773399062499996 0 0.7339901484375
3 0.6468144046875001 0.67980295625 0.67728531875 0.7413793109375 0.6980609421875 0.76847290625 0.77562326875 0.77586206875 0.8102493078125 0.7635467984375001 0.8448753468750001 0.7364532015624999 0.8891966765625 0.67980295625 0.9155124656250001 0.6280788171875 0.9487534625 0.5123152703125 0.9542936281250001 0.46798029531249996 0.9515235453124999 0.4187192125 0.9265927984375001 0.31773399062499996 0.8947368421874999 0.23891625625000001 0.87811634375 0.21182265937500003 0.8476454296875 0.18719211875 0.789473684375 0.17980295625 0.72437673125 0.197044334375 0.6897506921875001 0.22413793124999998 0.6537396125 0.2733990140625 0.612188365625 0.384236453125 0.6052631578125001 0.458128078125 0.6094182828125 0.5566502468750001 0.6468144046875001 0.67980295625
3 0.4792243765625 1 0.4792243765625 0.9482758625000001 0.47229916875000005 0.9039408859375 0.4501385046875 0.8448275859375001 0.4238227140625 0.8004926109375001 0.332409971875 0.7142857140625 0.26731301875 0.6995073890625 0.2257617734375 0.7266009859375 0.1855955671875 0.7906403937500001 0.1578947375 0.891625615625 0.1481994453125 1 0.4792243765625 1
3 0.7825484765625 1 0.7645429359375 0.899014778125 0.7409972296875 0.8399014781249999 0.709141275 0.78325123125 0.6440443218749999 0.704433496875 0.6066482 0.6995073890625 0.5761772859375001 0.7068965515625 0.5540166203125 0.72413793125 0.4972299171875 0.79802955625 0.486149584375 0.82758620625 0.47645429375 0.884236453125 0.47229916875000005 1 0.7825484765625 1
3 1 0.6625615765624999 0.9556786703125001 0.660098521875 0.907202215625 0.67241379375 0.883656509375 0.6921182265625 0.808864265625 0.8004926109375001 0.7922437671875 0.8522167484375001 0.7783933515625 0.9285714281249999 0.7783933515625 1 1 1 1 0.6625615765624999
3 0.7867036015625 0 0.793628809375 0.0467980296875 0.8157894734375001 0.1182266015625 0.8711911359375 0.2068965515625 0.8975069250000001 0.2290640390625 0.9376731296875 0.24630541875 1 0.24384236406249998 1 0 0.7867036015625 0
3 0.4598337953125 0 0.46675900312499996 0.07635467968750001 0.48753462656249996 0.145320196875 0.5124653734375 0.20197044375 0.5443213296875 0.23152709374999997 0.5997229921875 0.2512315265625 0.6565096953125 0.2290640390625 0.718836565625 0.17241379375000002 0.7520775625 0.10591132968750001 0.7770083109375 0.0123152703125 0.7770083109375 0 0.4598337953125 0
3 0.4362880890625 0.08620689687500001 0.4598337953125 0.0049261078125 0.13019390625 0 0.13434903125 0.0665024625 0.1495844875 0.1182266015625 0.1703601109375 0.160098521875 0.238227146875 0.23891625625000001 0.27423822656249996 0.24630541875 0.33102493125 0.2290640390625 0.41135734062499996 0.130541871875 0.4362880890625 0.08620689687500001
3 0 0 0 0.2660098515625 0.013850415625000001 0.2807881765625 0.0166204984375 0.2660098515625 0.0401662046875 0.2512315265625 0.0872576171875 0.18719211875 0.131578946875 0.064039409375 0.1371191140625 0 0 0
3 0.1495844875 1 0.1329639890625 0.906403940625 0.10941828281249999 0.8374384234375001 0.0734072015625 0.7906403937500001 0 0.73152709375 0 1 0.1495844875 1