7 1 0.6666666671875 0.9666666671874999 0.6071428578125 0.9666666671874999 0.559523809375 0.9466666671875 0.577380953125 0.89 0.48809523749999995 0.8699999999999999 0.48214285781250005 0.85 0.42261904687499996 0.8300000000000001 0.4583333328125 0.8 0.45238095312500004 0.7633333328125 0.48809523749999995 0.7333333328125 0.48809523749999995 0.6866666671874999 0.547619046875 0.6633333328125001 0.625 0.6533333328125 0.7261904765625 0.6633333328125001 0.8571428578125 0.7533333328125 1 1 1 1 0.6666666671875
7 0.7333333328125 0.48214285781250005 0.76 0.48809523749999995 0.8099999999999999 0.45238095312500004 0.8800000000000001 0.49404761875 0.9533333328125 0.5714285718750001 0.9833333328125 0.4702380953125 0.9833333328125 0.3988095234375 0.95 0.2678571421875 0.9333333328125001 0.25 0.93 0.196428571875 0.8933333328125 0.11904761875 0.8133333328125 0.10119047656249999 0.7466666671875 0.178571428125 0.7233333328125 0.28571428593750003 0.71 0.297619046875 0.6933333328125 0.3869047625 0.6966666671875 0.48809523749999995 0.7166666671875 0.5119047625 0.7333333328125 0.48214285781250005
7 0.7133333328125 0.2738095234375 0.7133333328125 0.2380952375 0.6533333328125 0.10119047656249999 0.6333333328124999 0.071428571875 0.61 0.071428571875 0.55 0.10119047656249999 0.5166666671875 0.16071428593749998 0.5266666671875 0.309523809375 0.5733333328125 0.3869047625 0.6 0.3988095234375 0.6799999999999999 0.3630952375 0.7133333328125 0.2738095234375
7 0.6033333328125 0.8988095234375001 0.64 0.827380953125 0.6599999999999999 0.625 0.6866666671874999 0.5535714281249999 0.6799999999999999 0.5178571421875 0.6433333328125 0.4702380953125 0.5900000000000001 0.4583333328125 0.48 0.559523809375 0.45 0.6785714281249999 0.45999999999999996 0.7380952375 0.5133333328125 0.8392857140625001 0.5599999999999999 0.8571428578125 0.58 0.9047619046875001 0.6033333328125 0.8988095234375001
7 0.3166666671875 0.7678571421875 0.3933333328125 0.7380952375 0.41 0.7083333328125 0.3966666671875 0.6071428578125 0.3133333328125 0.4702380953125 0.25666666718750003 0.50595238125 0.2033333328125 0.625 0.2 0.7142857140625 0.2266666671875 0.7857142859375 0.2533333328125 0.809523809375 0.29333333281249996 0.809523809375 0.3166666671875 0.7678571421875
7 0 0.672619046875 0.0666666671875 0.74404761875 0.1 0.7142857140625 0.19 0.6964285718750001 0.2133333328125 0.5952380953125 0.2066666671875 0.5 0.1833333328125 0.4761904765625 0.1666666671875 0.4047619046875 0.0966666671875 0.36904761875 0.05 0.3988095234375 0 0.5297619046875 0 0.672619046875
7 0.2133333328125 0.428571428125 0.22000000000000003 0.4047619046875 0.23333333281250002 0.41071428593750003 0.2233333328125 0.4761904765625 0.24 0.50595238125 0.31 0.4702380953125 0.27999999999999997 0.36904761875 0.2866666671875 0.2738095234375 0.32 0.190476190625 0.32 0.1547619046875 0.29 0.0892857140625 0.2533333328125 0.071428571875 0.19 0.10119047656249999 0.13333333281249998 0.2619047625 0.1366666671875 0.30357142812500004 0.1866666671875 0.3630952375 0.2 0.4702380953125 0.2166666671875 0.4761904765625 0.2133333328125 0.428571428125
7 0.3 0.428571428125 0.32999999999999996 0.5 0.38 0.5357142859375 0.45999999999999996 0.5357142859375 0.5233333328125 0.4761904765625 0.55 0.41071428593750003 0.55 0.3511904765625 0.5166666671875 0.309523809375 0.4966666671875 0.10119047656249999 0.46333333281250005 0.0357142859375 0.41333333281250006 0 0.39 0.00595238125 0.32999999999999996 0.0892857140625 0.32999999999999996 0.184523809375 0.29333333281249996 0.25595238125 0.2866666671875 0.327380953125 0.3 0.3630952375 0.3 0.428571428125
7 0.4933333328125 0.8214285718750001 0.4233333328125 0.8035714281249999 0.36666666718749996 0.8392857140625001 0.3366666671875 0.8928571421875 0.32 1 0.5633333328125001 0.9880952375 0.5666666671875 0.9642857140625001 0.5333333328125 0.86904761875 0.4933333328125 0.8214285718750001
7 0.27999999999999997 0.815476190625 0.22000000000000003 0.7916666671875 0.18 0.8035714281249999 0.13333333281249998 0.8571428578125 0.1166666671875 0.9464285718750001 0.13333333281249998 0.99404761875 0.3266666671875 1 0.3333333328125 0.86904761875 0.27999999999999997 0.815476190625
7 0.7633333328125 1 0.6933333328125 0.8928571421875 0.6333333328124999 0.86904761875 0.5733333328125 0.940476190625 0.5633333328125001 1 0.7633333328125 1