7 0.35795454531250004 0 0.3125 0.0419580421875 0.3125 0.06993007031250001 0.35795454531250004 0.0979020984375 0.42045454531250004 0.178321678125 0.471590909375 0.1993007 0.6022727265625 0.1853146859375 0.6647727265625 0.10839160781249998 0.6590909093749999 0.024475525 0.625 0 0.35795454531250004 0
7 0.8465909093749999 0.0454545453125 0.7727272734375 0.0419580421875 0.6704545453125 0.0874125875 0.6477272734375 0.178321678125 0.7272727265625 0.2272727265625 0.8579545453125 0.234265734375 0.9147727265625001 0.178321678125 0.9147727265625001 0.11538461562499999 0.8465909093749999 0.0454545453125
7 0.7272727265625 0.23076923124999998 0.6363636359375 0.1853146859375 0.5909090906250001 0.18181818125 0.5227272734375 0.19580419531249998 0.48295454531250004 0.22377622343749998 0.48295454531250004 0.360139859375 0.5511363640625 0.384615384375 0.7102272734375 0.3636363640625 0.7556818187500001 0.3041958046875 0.7272727265625 0.23076923124999998
7 0.49431818125 0.328671328125 0.48295454531250004 0.24825174843750003 0.3863636359375 0.20629370625000001 0.25 0.19580419531249998 0.17045454531249998 0.23076923124999998 0.125 0.3006993 0.2045454546875 0.3916083921875 0.32954545468749996 0.41958042031250004 0.38068181874999996 0.41608391562499997 0.44318181875 0.3881118875 0.49431818125 0.328671328125
7 0.9204545453125 0.265734265625 0.8465909093749999 0.258741259375 0.7613636359375 0.29020979062499996 0.7329545453125 0.3671328671875 0.7840909093749999 0.4265734265625 0.8863636359375 0.44055944062499997 0.9772727265625001 0.3986013984375 0.99431818125 0.31818181874999996 0.9204545453125 0.265734265625
7 0.39772727343750003 0.14335664374999998 0.35795454531250004 0.09440559375 0.3011363640625 0.059440559375 0.24431818125000002 0.05594405625 0.18181818125 0.0664335671875 0.1136363640625 0.11538461562499999 0.125 0.178321678125 0.19318181875 0.21678321718750002 0.25568181874999996 0.19580419531249998 0.375 0.202797203125 0.39772727343750003 0.14335664374999998
7 0.1761363640625 0.00699300625 0.090909090625 0.003496503125 0.034090909375 0.0384615390625 0.028409090625 0.0979020984375 0.0454545453125 0.11888111875 0.1136363640625 0.1293706296875 0.1363636359375 0.090909090625 0.221590909375 0.0489510484375 0.1761363640625 0.00699300625
7 0 0.3321678328125 0.0397727265625 0.3426573421875 0.06818181875 0.3426573421875 0.13068181875 0.297202796875 0.1477272734375 0.25524475468749996 0.19318181875 0.22027972031249998 0.15909090937499998 0.1853146859375 0.0625 0.171328671875 0 0.1853146859375 0 0.3321678328125
7 0.375 0.44405594375 0.30681818125000004 0.41258741250000003 0.15340909062500002 0.40209790156249997 0.090909090625 0.45454545468749996 0.090909090625 0.50699300625 0.125 0.5454545453125 0.2045454546875 0.5734265734374999 0.35795454531250004 0.5489510484375 0.39772727343750003 0.5139860140625 0.375 0.44405594375
7 0.5909090906250001 0.3986013984375 0.45454545468749996 0.3986013984375 0.409090909375 0.41958042031250004 0.41477272656249997 0.53146853125 0.48295454531250004 0.5664335671875 0.5397727265625 0.5699300703125 0.6136363640625 0.5104895109375 0.6363636359375 0.4265734265625 0.5909090906250001 0.3986013984375
7 0.9090909093749999 0.552447553125 0.8636363640625 0.465034965625 0.7840909093749999 0.4370629375 0.7159090906250001 0.43356643281249996 0.6590909093749999 0.44755244687499995 0.6363636359375 0.46853146875 0.625 0.6048951046875 0.6590909093749999 0.6293706296875 0.7329545453125 0.6363636359375 0.8465909093749999 0.5979020984375001 0.9090909093749999 0.552447553125
7 1 0.6258741265625 0.9602272734374999 0.5979020984375001 0.875 0.583916084375 0.7727272734375 0.61888111875 0.7443181812499999 0.6818181812499999 0.7784090906250001 0.734265734375 0.8522727265625001 0.7552447546875001 0.9204545453125 0.7552447546875001 1 0.73076923125 1 0.6258741265625
7 1 0.7832167828125 0.9772727265625001 0.7482517484375 0.94318181875 0.7482517484375 0.8238636359375 0.7832167828125 0.7897727265625 0.8321678328125 0.8011363640625 0.8811188812499999 0.8920454546875 0.916083915625 1 0.9020979015625 1 0.7832167828125
7 0.7215909093749999 0.6923076921875 0.6875 0.6608391609375001 0.5454545453125 0.6328671328125 0.48863636406250005 0.6468531468750001 0.42613636406250005 0.702797203125 0.42613636406250005 0.7517482515625 0.46022727343750003 0.7762237765625 0.6477272734375 0.79370629375 0.7329545453125 0.7447552453124999 0.7215909093749999 0.6923076921875
7 0.7897727265625 0.8741258734375 0.75 0.8391608390625 0.6079545453125 0.8146853140625 0.5397727265625 0.8321678328125 0.5227272734375 0.8916083921875 0.6022727265625 0.9825174828125001 0.6590909093749999 0.9930069937500001 0.7272727265625 0.9370629375 0.7784090906250001 0.9195804203125 0.7897727265625 0.8741258734375
7 0.5 0.8356643359374999 0.409090909375 0.8251748250000001 0.32954545468749996 0.85664335625 0.3125 0.877622378125 0.35227272656249997 1 0.5113636359375 0.9965034968750001 0.5454545453125 0.96853146875 0.5284090906250001 0.8671328671874999 0.5 0.8356643359374999
7 0.33522727343750003 0.7272727265625 0.1988636359375 0.7132867140625 0.125 0.7517482515625 0.1136363640625 0.8426573421875 0.1875 0.8881118875 0.28409090937500003 0.8916083921875 0.38068181874999996 0.8321678328125 0.3863636359375 0.7727272734375 0.33522727343750003 0.7272727265625
7 0.34090909062499997 1 0.35227272656249997 0.9440559437499999 0.3238636359375 0.9090909093749999 0.2102272734375 0.8951048953124999 0.14204545468750002 0.916083915625 0.1136363640625 1 0.34090909062499997 1
7 0.1022727265625 0.860139859375 0.11931818125 0.8216783218750001 0.1022727265625 0.765734265625 0.0397727265625 0.7377622374999999 0 0.7377622374999999 0.0056818187499999995 0.916083915625 0.1022727265625 0.860139859375
7 0 0.7237762234375 0.034090909375 0.741258740625 0.096590909375 0.7447552453124999 0.2045454546875 0.6958041953125 0.2045454546875 0.65034965 0.15340909062500002 0.5909090906250001 0.07954545468749999 0.5804195796875 0 0.5979020984375001 0 0.7237762234375
7 0.45454545468749996 0.5909090906250001 0.34090909062499997 0.552447553125 0.215909090625 0.5804195796875 0.2329545453125 0.6993007 0.39772727343750003 0.702797203125 0.4375 0.6923076921875 0.471590909375 0.6608391609375001 0.48295454531250004 0.6293706296875 0.45454545468749996 0.5909090906250001
7 0.7954545453125 0.8986013984375001 0.7159090906250001 0.9440559437499999 0.6875 0.9965034968750001 0.9659090906250001 1 0.94318181875 0.9580419578124999 0.9204545453125 0.965034965625 0.8465909093749999 0.9125874125 0.7954545453125 0.8986013984375001
7 1 0.475524475 0.9488636359375 0.43356643281249996 0.8465909093749999 0.43356643281249996 0.8295454546875 0.4615384609375 0.86931818125 0.49650349687500006 0.86931818125 0.5699300703125 0.8977272734374999 0.5769230765625 0.9375 0.5664335671875 0.9886363640625 0.5244755249999999 1 0.475524475
7 0 1 0.11931818125 0.9930069937500001 0.1477272734375 0.8916083921875 0.0738636359375 0.8671328671874999 0.0397727265625 0.8986013984375001 0 0.9090909093749999 0 1
7 0.0738636359375 0.3916083921875 0.0113636359375 0.4230769234375 0 0.47902097968749996 0.028409090625 0.5139860140625 0.090909090625 0.5244755249999999 0.096590909375 0.4510489515625 0.14204545468750002 0.3986013984375 0.0738636359375 0.3916083921875
7 1 0.202797203125 0.9034090906250001 0.174825175 0.8863636359375 0.22027972031249998 0.8125 0.22377622343749998 0.7840909093749999 0.234265734375 0.7897727265625 0.24825174843750003 0.8011363640625 0.265734265625 0.8352272734374999 0.265734265625 0.8863636359375 0.24825174843750003 1 0.325174825 1 0.202797203125
7 1 0.00699300625 0.8977272734374999 0.003496503125 0.88068181875 0.00699300625 0.86931818125 0.05594405625 0.9090909093749999 0.10839160781249998 0.9204545453125 0.171328671875 1 0.19580419531249998 1 0.00699300625