8 0.2909995609375 0.7659888718750001 0.3412151859375 0.75238064375 0.36954870624999997 0.7291326359375 0.387470340625 0.7037045234375 0.40068109375 0.6815698484375 0.4154618296875 0.638559303125 0.42044465468750003 0.5619821171875 0.41532352031249997 0.5268657359375 0.40218005312500005 0.4861788390625 0.366266690625 0.4218540984375 0.3263596875 0.383539340625 0.28720403125 0.36619743125 0.2301608484375 0.3725399359375 0.20309032343750003 0.3906053453125 0.1804578046875 0.419326890625 0.153763421875 0.4775458125 0.1496342734375 0.5698647609374999 0.1653387765625 0.6577769375 0.18991835625 0.707667209375 0.2355945796875 0.7479681125 0.27242890468750003 0.7652130421875001 0.2909995609375 0.7659888718750001
8 0.6997053156249999 1 0.6706083609375 0.95636003125 0.637426584375 0.9305420859375 0.5762523859375001 0.9105351828125 0.536721521875 0.9123739375 0.49094390312499997 0.9366383031250001 0.457694840625 0.9736419281250001 0.442199428125 1 0.6997053156249999 1
8 0.377176996875 1 0.3769257578125 0.94583591875 0.36750305625 0.8930886140625001 0.3530965921875 0.8575843187500001 0.31342835468749997 0.8070636828125 0.275501584375 0.7862828703125 0.23853082187500002 0.776012728125 0.2048374 0.776350234375 0.175547871875 0.7890875734375 0.1460536859375 0.8122870921875001 0.12338705781249999 0.8427523359375 0.106489646875 0.8752037234375001 0.09290368906249999 0.9165190609374999 0.0818146796875 1 0.377176996875 1
8 0.0350175515625 1 0.049959046875 0.9147249546875 0.050060440625 0.8501596859375 0.0596527578125 0.8348543312500001 0.07938407812500001 0.83567865 0.0854602875 0.8219715234375 0.0857654046875 0.6876098984375 0.069412815625 0.6328279593749999 0.042307245312500005 0.5933028874999999 0.0058481296875 0.5568772937500001 0 0.5540461875 0 1 0.0350175515625 1
8 0 0.5598368312499999 0.001137246875 0.5601707296875 0.053572809374999995 0.611224746875 0.0781864984375 0.6593713250000001 0.0897940921875 0.71919039375 0.11461056875 0.6382064375 0.1458793984375 0.5836688671875 0.13502221718750002 0.48548846718750005 0.10402439687500001 0.4074081109375 0.0598840453125 0.347975034375 0.0392649375 0.33315265156249996 0 0.31963508749999997 0 0.5598368312499999
8 0.1418829484375 0.43167631562500003 0.15656135468750002 0.3938968609375 0.19977793906250002 0.322407215625 0.23292467343749998 0.2906346796875 0.27754162656250003 0.2663218265625 0.2777803953125 0.25411595 0.266480721875 0.237937784375 0.24350617031250002 0.2247621203125 0.22309172031250002 0.1994775578125 0.1999807296875 0.1932766796875 0.15806031250000002 0.19850585 0.1239575734375 0.21976771562500003 0.08808019218749999 0.2723676328125 0.0694422515625 0.334413375 0.0667457125 0.353497059375 0.0700571625 0.3623610109375 0.11750896250000001 0.4306580390625 0.1319836453125 0.4626749421875 0.1366604203125 0.46112520312500005 0.1418829484375 0.43167631562500003
8 0.9651577515625 1 0.9678189125 0.9281486390625 0.9431251656249999 0.9206267296874999 0.8896322015625 0.923627309375 0.8438204718750001 0.9496353718749999 0.8010473140625001 0.9984569593750001 0.8000630828125 1 0.9651577515625 1
8 0.8146422937500001 1 0.8625275671875 0.943436415625 0.8918853140625 0.92721168125 0.9396772765625 0.918737565625 0.9416897531249999 0.8158594578124999 0.9254053843750001 0.757590128125 0.901747703125 0.71995421875 0.8459324703125001 0.6635236421874999 0.8252792515625 0.6504449578125 0.7635251859375 0.6600808984375 0.73065133125 0.6779038609375 0.6949786078125 0.7200415984374999 0.6683865531250001 0.7730294296875 0.664804096875 0.89678340625 0.6569191375 0.94357228125 0.6955215453125 1 0.8146422937500001 1
8 0.731571359375 0.5714898703125 0.7666310421875 0.6200728546875001 0.7821981703125 0.6556256390625 0.8366130328124999 0.664879425 0.911784378125 0.741314984375 0.9353397328125 0.7841819828125 0.96913455 0.719279209375 0.97582008125 0.712117053125 0.9816430890625 0.5548958671875 0.9821850671875 0.5271898328125 0.9601524703125 0.46586131406250003 0.9341393468750001 0.429872125 0.9044395671875 0.404199646875 0.867332365625 0.4009042921875 0.8219299515625 0.4059879921875 0.7609272375 0.43659678281250003 0.758298915625 0.4521930765625 0.7476823734375 0.460475153125 0.734403403125 0.48609722343749995 0.7315022046874999 0.5156430875 0.7242994406250001 0.5275580296875 0.7238901249999999 0.5484823890625 0.731571359375 0.5714898703125
8 0.642714528125 0.7196032734375 0.6539800921875 0.737525134375 0.66370978125 0.7745791703125 0.6705714484375 0.7801011953125 0.6816314171875 0.7491510578125 0.7032397078125 0.7134062375 0.75065553125 0.6647786046874999 0.7469679390625 0.615761140625 0.7250848999999999 0.54678718125 0.6948043203125 0.49142337031250005 0.65831109375 0.45674147343750005 0.6191554375 0.43939956562500004 0.5692467999999999 0.43731452343750005 0.5424150421875 0.44317405625 0.511760190625 0.4663250859375 0.49155133281249996 0.4899125203125 0.46741705 0.5360225437499999 0.44983744843749995 0.603347865625 0.5497911609374999 0.6005431640625 0.5901757015625 0.61444616875 0.62639605 0.6630776375 0.642714528125 0.7196032734375
8 0.52121606875 0.4579945171875 0.554021703125 0.44365895 0.6121573312499999 0.4408523265625 0.6686206484375 0.464152665625 0.6604950515625 0.4044790625 0.636086021875 0.34587030625000004 0.6019141265625 0.3112853859375 0.560403028125 0.2955901953125 0.5290309390625 0.2960246796875 0.49386986093749996 0.3120069671875 0.464409784375 0.33346278906250004 0.441606715625 0.3709028203125 0.44013906406250003 0.3865476 0.45287321406250003 0.4481588578125 0.45543424843749997 0.4953841375 0.46431025937500003 0.5166964125 0.47834058125 0.51204719375 0.52121606875 0.4579945171875
8 0.4460788328125 0.3798152609375 0.47120323124999997 0.342472209375 0.49724952812499995 0.317383525 0.530089275 0.301304259375 0.5743310203124999 0.29617206875 0.570095803125 0.1563853953125 0.548417421875 0.07694925625 0.5370836406249999 0.06251478906249999 0.511753646875 0.0509858421875 0.46065023437499997 0.050596007812499996 0.45378856718750005 0.04507398125 0.44334257499999996 0.044637576562499996 0.40927394218749996 0.064155746875 0.363804246875 0.13206101875 0.3419571859375 0.18001171875 0.331273359375 0.25111537031250003 0.3331512640625 0.27388040468749997 0.38937581250000003 0.3093866203125 0.4211922640625 0.3456182578125 0.43908072656249997 0.38126802031249996 0.4460788328125 0.3798152609375
8 0.762358909375 0.30402734374999996 0.75266333125 0.2652296125 0.7520825296875 0.2355382796875 0.7397245203125 0.21408053593749998 0.714633296875 0.1903457109375 0.6812127515624999 0.17673364375 0.6380975609374999 0.1836580203125 0.6111293640625 0.196492340625 0.586243734375 0.22162951406250003 0.5753543125 0.2438611671875 0.5743651296875 0.294428371875 0.6201095765625 0.33124187968749996 0.650458375 0.383118296875 0.6641817078125001 0.39416235 0.705896528125 0.34006118281250003 0.762358909375 0.30402734374999996
8 0.7530422765625 0.483385659375 0.779361453125 0.4443474 0.8065343078125 0.421050903125 0.85210726875 0.40724871562500004 0.8592418125 0.39882116875 0.8562032421874999 0.37600764375 0.8280052265625001 0.3329466875 0.8097074484375 0.31822128437499997 0.7796324609374999 0.311729471875 0.75174236875 0.3123094234375 0.7025509703124999 0.332940928125 0.658548928125 0.3852014203125 0.6663675375 0.46056829375 0.6730927640625 0.47306510625 0.6869525359375 0.47713437187499996 0.704840996875 0.512784134375 0.7275085609375 0.5416530703125 0.7358378812499999 0.531530315625 0.7530422765625 0.483385659375
8 0.8745692375 0.38724565312500003 0.8894864140625 0.337260321875 0.8989763984374999 0.32718605625 0.902731275 0.31338195 0.9133137093749999 0.3068435671875 0.9158397 0.2964783671875 0.92522735625 0.291635190625 0.9456067640624999 0.259329271875 0.9485079624999999 0.22978340625000002 0.9411678218749999 0.18933895781250001 0.9245423562499999 0.1485065921875 0.9107849140625 0.1392062375 0.884157815625 0.1346035875 0.828377628125 0.1357634921875 0.77901568125 0.1651134796875 0.753857171875 0.204200228125 0.7343314453125 0.25224790625 0.7324203640625 0.29056074375 0.737984925 0.30300906875 0.7505817015625 0.312260934375 0.8129847890624999 0.3288289328125 0.8560326921874999 0.3847261265625 0.8745692375 0.38724565312500003
8 0.8742272062499999 0.3453484421875 0.8664445781250001 0.38690622812500003 0.8765835828125 0.403035903125 0.9021182359375001 0.40410266874999995 0.929394353125 0.43490925625 0.956431703125 0.47792172343750006 0.9784852921875 0.5381771984375 0.981916125 0.5409382125 0.9874830359375 0.2563566515625 0.9851717359375 0.25574681875 0.932702996875 0.265770675 0.899590375 0.295799515625 0.8742272062499999 0.3453484421875
8 0.9677999375 0.928660965625 0.9760434578125 0.70608590625 0.9656184421875 0.7208774390625 0.9365345078124999 0.782486775 0.9409061624999999 0.9152986609375 0.9677999375 0.928660965625
8 0.5680273984374999 0.0336608828125 0.5556201859375001 0.065034315625 0.5549721 0.098164553125 0.567842690625 0.1528010234375 0.5746029640625 0.22288831718750002 0.5895892921875 0.22874976875000003 0.615703809375 0.2001736921875 0.664861096875 0.1812858828125 0.7135067390625001 0.1885535265625 0.747917403125 0.21093256875000002 0.7765579109375 0.17199128749999998 0.7857058640625 0.1200198109375 0.7867291562500001 0.0677089109375 0.783004753125 0.046400281249999994 0.5680273984374999 0.0336608828125
8 0.15300380156249999 0.015056821875000001 0.12446735 0.07494390937499999 0.1225562703125 0.1132567484375 0.12900861875 0.1397031359375 0.1242645609375 0.20407444687499998 0.143995884375 0.204898765625 0.167413859375 0.195406371875 0.2080030609375 0.1988471953125 0.2722158328125 0.2416676234375 0.282252509375 0.2630283890625 0.32632370625 0.26661468125 0.337520115625 0.2286897578125 0.35086637187499997 0.14024611874999998 0.3406932546875 0.125860140625 0.31782009843750003 0.048119210937500004 0.2999545328125 0.021196010937500002 0.15300380156249999 0.015056821875000001
8 0.202953884375 0.39758013281250004 0.24412295 0.3713781125 0.2929391421875 0.369927271875 0.3251649109375 0.385234546875 0.35483058125 0.41265072031249994 0.3908803796875 0.470000675 0.41300218906249997 0.52676875625 0.42157121249999996 0.563774303125 0.42730632343749997 0.56750414375 0.4414389734375 0.5576238359375 0.4531129171875 0.49528715781250005 0.4537951109375 0.460413221875 0.44232395625 0.393619365625 0.43133127031249996 0.36174793125 0.41784670625000003 0.338498003125 0.3814558078125 0.298585015625 0.3146829375 0.267873484375 0.27986295625 0.266418803125 0.2494468734375 0.2773639578125 0.21404702812499998 0.3055521203125 0.1830851890625 0.3443964234375 0.1553665796875 0.3955920671875 0.1416441796875 0.4438821921875 0.1407914375 0.4874746109375 0.1467321421875 0.5400764484375 0.16929550625 0.4555081171875 0.202953884375 0.39758013281250004
8 0.208251178125 0.7799830953125 0.259354590625 0.7803729296874999 0.32619568125 0.807597065625 0.335549228125 0.8044975875 0.340464771875 0.7907419703125 0.35207143125 0.7912268640625 0.3596835109375 0.758387565625 0.35640617343750003 0.747779915625 0.33298819375 0.757272309375 0.2736919015625 0.760030440625 0.2448457984375 0.7500997234375 0.18766524375 0.7040828375 0.168684334375 0.664897190625 0.16107131875 0.6384023140624999 0.160456409375 0.610454678125 0.1481325109375 0.5872532390625 0.1411344046875 0.5887059984375 0.12324687812499999 0.6123904109375 0.096484275 0.6740967265625 0.0889754578125 0.7610391171875001 0.090205278125 0.8169343906250001 0.09979853125 0.8609632109375 0.11369241249999999 0.86328878125 0.134105928125 0.8292391671875 0.150662240625 0.814224746875 0.208251178125 0.7799830953125
8 0.4433489265625 1 0.45759251093750003 0.9788730187500001 0.49326523437500003 0.9367352828125 0.545050840625 0.902251184375 0.6500574718750001 0.9380502546875 0.6640877921875 0.9334010375 0.672245628125 0.8726625890624999 0.6711181390625 0.8115362265625 0.6616954374999999 0.75878891875 0.6366032765625 0.67571991875 0.5913022578125 0.616238353125 0.5475380484375 0.596958790625 0.4660185515625 0.607514109375 0.44143990781250003 0.6169580125 0.420206821875 0.6335221718749999 0.409215071875 0.6609849156250001 0.38559430625 0.7996078437499999 0.3790756046875 0.8953172046875 0.3865180734375 0.9305305640625001 0.40215342187500003 0.9625959578125001 0.40863988124999995 0.987298646875 0.40762025468749996 1 0.4433489265625 1