8 0.2216563265625 0.3763734203125 0.2478295625 0.4220952890625 0.27735103125 0.445095490625 0.30618513125 0.45771679374999996 0.330652759375 0.46641119375000006 0.3753170640625 0.472860284375 0.4491975703125 0.463879465625 0.48111894218750006 0.4526570703125 0.516197490625 0.43273861875 0.5676537828125 0.386731571875 0.5934075421875 0.341567609375 0.599486553125 0.3008930171875 0.5783927703125 0.2473165109375 0.55411619375 0.22459650468749998 0.5209156171875 0.20804829531250002 0.4586898890625 0.1929043921875 0.370118559375 0.20553274843749997 0.29096754687500004 0.2363938140625 0.2501920890625 0.26893564531249997 0.22408184062499997 0.3199903796875 0.217480903125 0.35842090781249997 0.2216563265625 0.3763734203125
8 0.11282324531250001 0.5988259015625 0.0689674453125 0.5735824640625 0.023876737500000002 0.5578765046874999 0.0131720421875 0.5563920859375 0.077788325 0.8342140859375 0.09595402187499999 0.8232364406249999 0.1416434953125 0.7747051359375 0.157333871875 0.7382376453124999 0.160115875 0.675963834375 0.14792048124999999 0.6383759718750001 0.11282324531250001 0.5988259015625
8 0.011185025 0.5033261546875 0.0739582984375 0.4911116640625 0.12144890781249999 0.47259502343750004 0.1512825640625 0.452396375 0.1886654890625 0.405268128125 0.1983280828125 0.3651543453125 0.19828378124999999 0.3278462640625 0.189054515625 0.29558795 0.169239940625 0.26978204375 0.139457509375 0.2456598078125 0.1045956234375 0.2293922125 0.06937724687499999 0.2190153875 0.026635217187499997 0.2134077171875 0.004768245312500001 0.2145710171875 0.011185025 0.5033261546875
8 0.07818703593750001 0.16038786875 0.0952265328125 0.16683862031250002 0.0996629203125 0.1859131625 0.114258215625 0.1892784296875 0.2416571171875 0.1654272625 0.28924325 0.1398978203125 0.3195289234375 0.1067955953125 0.3444042625 0.0652783390625 0.34977029375 0.036385290625 0.0021135109375 0.095107984375 0.003823253125 0.172046415625 0.0169795484375 0.17189253437500002 0.07818703593750001 0.16038786875
8 0.34035620624999996 0.037975421875 0.34003778906250004 0.0613514359375 0.3055254671875 0.1208220328125 0.2664113203125 0.1530832515625 0.2127974 0.1749664015625 0.2960982265625 0.184218290625 0.356045190625 0.2044115453125 0.44620791718749997 0.1763549375 0.5119985421875 0.132591128125 0.556644159375 0.0795716953125 0.5652372828125001 0.057130228125 0.5671691375 0.0252075171875 0.4474478796875 0.019886571875 0.34035620624999996 0.037975421875
8 0.49901333125 0.173266134375 0.5386937078125 0.18055706093749999 0.6178634062499999 0.20916451875000003 0.656735278125 0.235249790625 0.6915715515625 0.2736778296875 0.7032007171875 0.2717135484375 0.7155428625 0.2579677234375 0.7219527484375 0.23356280156250003 0.7405137296875 0.20943766406250003 0.740278378125 0.1861551890625 0.7242384375 0.14688448437499999 0.695073459375 0.117993509375 0.635743946875 0.0930315140625 0.5720223468750001 0.086303059375 0.5532260140624999 0.0871457234375 0.5457023578125 0.0919148765625 0.4935330875 0.14970346406249999 0.4670220484375 0.169340890625 0.46972721406250006 0.17354840625 0.49901333125 0.173266134375
8 0.237632075 1 0.2305761515625 0.9789124609375 0.19381760312500002 0.939643003125 0.1362449265625 0.90738759375 0.0963991140625 0.8919618328125001 0.0911355796875 0.8916014890625 0.116347078125 1 0.237632075 1
8 0.3649602421875 1 0.39736884843750003 0.9833906328124999 0.42677610625 0.9539351140625 0.4654894625 0.8902565875 0.47242127656250005 0.8680957296875 0.44696102031249996 0.8105923171875 0.42137962343749996 0.7822621515625 0.37201796875 0.7556164875 0.31477616875000003 0.7396307453125 0.19656223281250002 0.7584321453125 0.15014109375 0.7592764703125 0.1033122390625 0.8103324515624999 0.08809949218749999 0.811735925 0.073969740625 0.81779583125 0.0951991609375 0.9090731296874999 0.12565961718750002 0.913840003125 0.2046382671875 0.95647306875 0.22777545937500002 0.98171775 0.2363009390625 1 0.3649602421875 1
8 0.62493703125 1 0.6829929390625 0.9642986640625001 0.7102169546875 0.9328796953125 0.726690225 0.8997782984375 0.7200006875 0.8635926656249999 0.7031778546874999 0.820955865625 0.658042846875 0.7679418265625 0.6425691328124999 0.76822326875 0.6319139093749999 0.759528040625 0.6041236640625 0.7513948625 0.5753594765625001 0.7539211984375 0.5621645265625 0.7491532890625 0.5422288125 0.7525206296875 0.5224585390625001 0.7640228062500001 0.48569306562500003 0.8063823125 0.4561203734375 0.82770299375 0.46174044218750004 0.8815609421874999 0.40918906718750003 0.9674007437500001 0.374797884375 0.9976980953125001 0.382610421875 1 0.62493703125 1
8 0.3586132796875 0.705405659375 0.344609825 0.7194320953125 0.3120710015625 0.7354232296875 0.30865285781249996 0.74299725625 0.3409051046875 0.7480445328124999 0.3804899546875 0.7623482625 0.43910648906249994 0.7990918015624999 0.4845792953125 0.7867465453125 0.5441510859375 0.75336205 0.58860565 0.7143682234375001 0.611819684375 0.6731315796875 0.6178986921875 0.6324569859375 0.6066772421875 0.5842096125 0.5940298328125 0.5595253234374999 0.5639864375 0.53428105625 0.5362917171875 0.5191350781249999 0.4862170828125 0.50427095625 0.4177725171875 0.499506365625 0.44686065781249995 0.5948786671875 0.44436523125000005 0.6361140671875 0.407860721875 0.6795956046875 0.3586132796875 0.705405659375
8 0.574380696875 0.5418542546875 0.596639471875 0.57074564375 0.6146716015625 0.6260054078125 0.607523121875 0.6843523125 0.6619199328125001 0.6658352578125 0.711001934375 0.6318903687499999 0.734737896875 0.5928977890625 0.73863366875 0.5502597437500001 0.72992633125 0.52024549375 0.7054843171875 0.4893906515625 0.6773631953125 0.4649878046875 0.6358560718749999 0.44984265625 0.620643321875 0.4512461296875 0.565629059375 0.47453192343749995 0.521556596875 0.48547453437500004 0.50370859375 0.49781813125 0.511824090625 0.5104406796875 0.574380696875 0.5418542546875
8 0.6285933796875 0.4557338421875 0.67062243125 0.47312305468750004 0.7012832796875 0.4935985828125 0.7252033671875 0.5222093609375 0.7417652375 0.563724128125 0.873104209375 0.534543 0.9426438546875 0.49947483125 0.9533246906249999 0.48600961875 0.9575513390625 0.45964124531249995 0.9444076140625001 0.41055245156250003 0.9478257593749999 0.402978425 0.945477084375 0.3928801375 0.9179734140625 0.3637085515625 0.8416044046875 0.33229580468750003 0.7903903875 0.3199563578125 0.7201889890625 0.3224851828125 0.69911389375 0.3283771984375 0.6803362500000001 0.3886883875 0.6544170515625 0.42571751718749995 0.6253662859375 0.4492822625 0.6285933796875 0.4557338421875
8 0.7840414015625 0.7454933046875001 0.8182415328125 0.7292215578125 0.8462228296875001 0.7233291281249999 0.863287940625 0.7076194359375 0.8791437562500001 0.67928678125 0.8832049671875 0.644783571875 0.8652427515625 0.6046714484375 0.8459501046875 0.5811096078125 0.81555021875 0.5617561125 0.7916045203125 0.555305775 0.743426546875 0.5634435156250001 0.7206389171875001 0.613937028125 0.6795069687499999 0.65236963125 0.67267068125 0.6675176859375 0.734966321875 0.697809228125 0.7840414015625 0.7454933046875001
8 0.61162170625 0.7687861515625001 0.6555730328125 0.787016784375 0.6848335375 0.80889495625 0.709962915625 0.8501286953125 0.7198352484375 0.8554578296875001 0.740649378125 0.84844378125 0.7739967062499999 0.8136583015625 0.7831117578125 0.793460896875 0.7813106234375 0.7634462296875 0.773386178125 0.736798075 0.7408286671875 0.6933206843749999 0.6796724078125 0.660504465625 0.6103238125 0.6815470265625 0.60026043125 0.6902434984375 0.6000693796875 0.70426910625 0.5710186140625 0.727833853125 0.5496569421874999 0.754764278125 0.561451546875 0.7609348312499999 0.61162170625 0.7687861515625001
8 0.7348569453125 0.8680799625000001 0.7861664875 0.8734066078125 0.79822205625 0.8806991937499999 0.812295425 0.88182039375 0.8212893375 0.8907962359375 0.8317791234374999 0.891356628125 0.8388507625000001 0.89949105 0.8748520296875 0.9132339703125 0.9036162187500001 0.9107076359375 0.9399995875 0.8963993421875 0.9742952468749999 0.8731147937499999 0.9794702265625 0.8582473515625001 0.9767906734375 0.8318793921875001 0.9609417828125 0.7785830812500001 0.920077725 0.7365087515625001 0.8763873656250001 0.7194001484375 0.8256952765625 0.709304765625 0.788885503125 0.714356190625 0.7785611593749999 0.7219306343749999 0.773125215625 0.7356760437500001 0.7739267937500001 0.7985106625 0.73234283125 0.8498468406249999 0.7348569453125 0.8680799625000001
8 0.7201646515625 1 0.8890085031250001 0.9714805921874999 0.888708734375 0.9505412218749999 0.8653361890625 0.902014065625 0.8281256265625 0.8756481828125 0.7744674093749999 0.86022325 0.7330301968749999 0.8602257390625001 0.7204270890625 0.8728495328125 0.726168296875 0.8975342359375 0.704189171875 0.9292334 0.6705808796875 0.9628968499999999 0.6193156390625 0.9948782859374999 0.61700421875 1 0.7201646515625 1
8 1 0.5126222296875 0.955838803125 0.50424274375 0.9242739249999999 0.509574365625 0.8759048999999999 0.5317377109375 0.8112792687500001 0.550816403125 0.809687871875 0.5662446546875 0.843671340625 0.586158959375 0.874567540625 0.629916959375 0.8805441 0.6778841359375 0.8684373078125001 0.7149124359375 0.912910559375 0.7353871328125 0.9645765921875 0.7348230046875 1 0.7288396390625 1 0.5126222296875
8 0.950565740625 0.236594625 0.9224511718749999 0.115714178125 0.832440215625 0.092458675 0.79563044375 0.0975101 0.7722765859375 0.10845146718750001 0.71002524375 0.1154680046875 0.7144616328125 0.1345425484375 0.72964876875 0.15529951718749999 0.7371211984375 0.19485124843749999 0.7135250640625 0.26413910625 0.6959380265624999 0.277604734375 0.7041933484375 0.3205225609375 0.74309083125 0.324447390625 0.830427253125 0.3213565109375 0.8413690546874999 0.30901333124999997 0.9089864265625 0.2731037453125 0.9339316796875 0.2467341265625 0.950565740625 0.236594625
8 0.54747095625 0.2257189515625 0.583185646875 0.26050028125 0.597468753125 0.3070644 0.59148526875 0.3407261890625 0.573350690625 0.3741081953125 0.528539634375 0.4189927921875 0.4805970140625 0.45041300624999997 0.4477972265625 0.46528210937500003 0.4457794265625 0.47145349062499997 0.45887885156249997 0.483234203125 0.52103466875 0.4832304703125 0.55426085625 0.47761823750000004 0.6145200125 0.454612640625 0.6418139421875 0.438341309375 0.660279396875 0.421228975 0.688477359375 0.3791504921875 0.6999224 0.3095828515625 0.6920934796875 0.27592189375 0.67367925 0.24871334687500002 0.63760806875 0.21982278593750001 0.5926128890625 0.197104025 0.5367714328125001 0.179715640625 0.48738416406249996 0.17523041718750001 0.445851428125 0.1822457109375 0.397577928125 0.1973962515625 0.48367944375 0.20384285468750002 0.54747095625 0.2257189515625
8 0.18651478906250002 0.2995152671875 0.1996585140625 0.3486040625 0.1915360921875 0.41761047968750004 0.1969464234375 0.4260255125 0.21128075625 0.4282687453125 0.21389039531249998 0.43948906406250005 0.2470210578125 0.44088963437500006 0.2562060234375 0.43583986875 0.24101888749999997 0.4150829 0.22272579375 0.3587011046875 0.22450824218749998 0.329247246875 0.2529927796875 0.2661303578125 0.2851052015625 0.24088235781249998 0.3081980953125 0.22881895624999998 0.33451808125000004 0.22320713749999999 0.3532445015625 0.2072168328125 0.3500174078125 0.2007652546875 0.322844615625 0.1878633390625 0.2572962671875 0.1732806578125 0.172925975 0.1817010828125 0.120286 0.19292472031250002 0.08110194062500001 0.21003830156249997 0.0825721984375 0.22378329687499998 0.12023477499999999 0.23724560625 0.1388400546875 0.250428546875 0.18651478906250002 0.2995152671875
8 0.41810339531249996 0.5157760359375 0.40265529375 0.4938970359375 0.381344846875 0.47650657656249995 0.3524152203125 0.47089807656250005 0.2148131125 0.4731504390625 0.1223972359375 0.4840959546875 0.09099779531249999 0.49756241250000005 0.0647477203125 0.518321871875 0.043055171875 0.5289826265625 0.0245198046875 0.5309473234375 0.011952371875 0.5378567249999999 0.0122789359375 0.5525521171875 0.012995507812500001 0.5556330640625 0.020032190624999998 0.5561936640625 0.0639835171875 0.5744242984375 0.113345171875 0.6010699640625 0.15971508437499998 0.6445465234375 0.1535592375 0.75170244375 0.161674734375 0.7643249921875 0.2213863484375 0.7612357734375 0.279010253125 0.7491703000000001 0.326500859375 0.7306536609375 0.3985802328125 0.6916581749999999 0.4429648859375 0.6375167109375 0.44966134843749994 0.592073378125 0.41810339531249996 0.5157760359375