5 0.28275541875 0.7090838578125 0.3559659953125 0.74988124375 0.450673240625 0.7617262625000001 0.54895511875 0.73636116875 0.6508116296875001 0.6737859640625 0.7005401984375 0.622517015625 0.727018209375 0.535807878125 0.7148387359374999 0.4736765734375 0.6571508171875 0.4011742390625 0.595888265625 0.3658820140625 0.49520701093749997 0.351284415625 0.3805255296875 0.3761581796875 0.2823593796875 0.4298363453125 0.22894045 0.4900023328125 0.209197665625 0.5833472578125 0.2273511546875 0.64823114375 0.28275541875 0.7090838578125
5 0.9471797000000001 0.605457096875 0.8635435359375 0.5669209640624999 0.719753215625 0.5819150265624999 0.6508116296875001 0.6737859640625 0.5147492078125 0.7559251671875 0.5658176234375001 0.8501047859374999 0.6695437484375 0.8802352109375 0.729168140625 0.8794479484375 0.8110504171875 0.853591525 0.9322356718749999 0.77872740625 0.9640422046875001 0.7192007140625 0.9642375968750001 0.7193331046875 0.97168799375 0.5756469078124999 0.9471797000000001 0.605457096875
5 0.5862314359374999 1 0.6066988546875 0.9955607328125 0.5908220656250001 0.9499375328124999 0.5444366796875 0.9073702265625 0.44363969843750006 0.8644595546874999 0.33329406875 0.8560064140625 0.29680450937499997 0.86392079375 0.2381727875 0.92521740625 0.14890978906250002 0.9688679046875001 0.138671278125 1 0.5862314359374999 1
5 0 0.7098875484375 0.0518637921875 0.9744609453124999 0.13924541562499998 0.9750123671875001 0.224818053125 0.940258903125 0.293875365625 0.8767010390625 0.3175399609375 0.8310852203125 0.32533471875000003 0.7322351312500001 0.2415828296875 0.6653859265625 0.21007461093750002 0.6155435375 0.163043734375 0.59740609375 0.07431050312500001 0.58831365625 0 0.604431184375 0 0.7098875484375
5 0.22372765625 0.4911329578125 0.34631962031249997 0.395722178125 0.4170150921875 0.3682438 0.5496186078124999 0.3516277796875 0.556238109375 0.3299504953125 0.5425362 0.2600527765625 0.49907995781250003 0.20470522500000002 0.4214178046875 0.1689216703125 0.3610321953125 0.1658257265625 0.2672018953125 0.1861769859375 0.18912570312500002 0.23144944218750002 0.13646799375000002 0.2954986359375 0.116609484375 0.36053049062500003 0.1505170796875 0.450335571875 0.22372765625 0.4911329578125
5 0.6940055546874999 0.117895553125 0.784492671875 0.191380546875 0.9202114296874999 0.1772281625 0.8906428125 0.026389417187500003 0.6927498203125 0.0205259203125 0.67813571875 0.06466128593750001 0.6940055546874999 0.117895553125
5 0.7354095968750001 0.2182196296875 0.672326296875 0.28453007656249996 0.629448684375 0.37074788281250004 0.708864721875 0.47092399062499996 0.7277794265625 0.5396910859374999 0.775571521875 0.5617117328125001 0.955851403125 0.5388032875000001 0.9743175109375001 0.5249347828125 0.9772573781249999 0.46823735 0.9195415671875 0.17381098281250001 0.7748283 0.1975250046875 0.7354095968750001 0.2182196296875
5 0 0.3496579 0.068817390625 0.3385098421875 0.1231132609375 0.310540134375 0.1943384984375 0.23031881875 0.2393840359375 0.1274375578125 0.23108577812500003 0.05800611875 0 0.10812731406250001 0 0.3496579
5 0.9616991625000001 0.7682886328125 0.9419000453124999 0.7725829484375 0.8690366484375 0.8167247796874999 0.8022629875 0.8919322640624999 0.784572403125 0.9403006625 0.78770885625 0.9563006875 0.9538185203125 0.9202724437500001 0.9616991625000001 0.7682886328125
5 0 0.6051081640625 0.0214213390625 0.5957367062500001 0.051059946875 0.5528734671875 0.0657056609375 0.4889722390625 0.053526185937500005 0.4268409359375 0 0.36514705 0 0.6051081640625
5 0.384167028125 0.17295284375 0.511673471875 0.1857805203125 0.6252465546875 0.0720843359375 0.6245779625 0.0185060140625 0.43860771875 0.012995784375 0.225789271875 0.059154899999999996 0.2312421 0.1413484296875 0.27827297500000003 0.15948587187500002 0.28360149375 0.186668315625 0.384167028125 0.17295284375