5 0.44043573125 0.46363742500000005 0.4631266796875 0.48228770781249997 0.51861165 0.5032583875000001 0.5365444734375 0.5022584015625 0.5937212078125 0.4833035484375 0.6142921296875 0.43983581093749996 0.6141916734375 0.42241526250000005 0.586145190625 0.39161636718750004 0.5542552093750001 0.37015978125000004 0.5232957078125 0.3619283734375 0.49975887500000005 0.36324085625 0.465653734375 0.3742706375 0.43825754687499996 0.400692825 0.4294497453125 0.41943993749999997 0.428006459375 0.44690436718750004 0.44043573125 0.46363742500000005
5 0.6493013046875 0.4096698328125 0.6222699031250001 0.4252840625 0.6080325609375 0.4468233921875 0.597797328125 0.47726753593750004 0.6025554515625 0.496917809375 0.62352819375 0.5231322546875 0.64357045625 0.536121521875 0.6688096421874999 0.543012278125 0.7114000984375 0.5406373109375 0.7554761421875 0.5273918890625 0.784051284375 0.501733775 0.7926264671875 0.4796803703125 0.786647084375 0.44267205 0.771976209375 0.42606399375 0.7496923453125001 0.41319972343750005 0.718558378125 0.4024885921875 0.6879478078125 0.3992166265625 0.6493013046875 0.4096698328125
5 0.5750904015625 0.12254242500000001 0.5447706078125 0.12340332812499999 0.5042314328125 0.138940975 0.47666077968750004 0.1628834390625 0.4650139703125 0.189257215625 0.46880990312500004 0.22721710625 0.48489235624999993 0.247895534375 0.5023440828125 0.25605035625 0.51708896875 0.2577175875 0.5289948453125 0.2670114828125 0.555180365625 0.271360015625 0.6010750703125 0.26797098125 0.6294017390625 0.254773971875 0.6534355203125 0.22853928125 0.6614873078125 0.199046709375 0.6576173609375 0.176027646875 0.636412 0.146506903125 0.6197902984375 0.1341567125 0.5750904015625 0.12254242500000001
5 0.2504597875 0.2103493546875 0.23162292812500002 0.2304855328125 0.199701234375 0.24056374374999998 0.1764393234375 0.2617764921875 0.1678482859375 0.2995973 0.173901678125 0.32166479375 0.18002908281250002 0.3287914609375 0.1973063453125 0.3344665625 0.22200627812499998 0.3496855546875 0.236053303125 0.34143390625 0.2494447640625 0.3398573421875 0.258104546875 0.3509918796875 0.2662409328125 0.3546872546875 0.27974870625000003 0.3547638375 0.308482459375 0.3473528453125 0.33421859375 0.32932139375 0.3466214203125 0.3136930765625 0.351527565625 0.3034616984375 0.3529708546875 0.2759972671875 0.3711098546875 0.24594220625 0.4003828578125 0.2302029765625 0.43147452499999994 0.22432013281250002 0.44227545468749996 0.2179091265625 0.4351594140625 0.19673070625 0.417781696875 0.1736350578125 0.38960304687499997 0.15695041406250002 0.3575227453125 0.1487815046875 0.34295232656249997 0.1495939921875 0.2976973265625 0.162075340625 0.271670415625 0.1759739265625 0.26222290625 0.185628728125 0.2504597875 0.2103493546875
5 0.480832090625 0.23816414375 0.4714004375 0.2320515484375 0.4493491921875 0.22249357343749998 0.42557974062500004 0.22049976093749998 0.397792325 0.2253685328125 0.37276990625 0.23755147031249998 0.357179140625 0.2558470046875 0.3468275953125 0.284638 0.3538273265625 0.3041632734375 0.37628565625 0.31950726406249996 0.3813504125 0.3275230046875 0.406921971875 0.3030028125 0.40869779062499995 0.296263271875 0.42709308593750006 0.3018780125 0.427377284375 0.3100197171875 0.446563075 0.29484297812500004 0.46644672812500004 0.2895851265625 0.47602639687500004 0.265816071875 0.4887200015625 0.2543206234375 0.480832090625 0.23816414375
5 0 0.2097490578125 0.02776921875 0.22774612031250002 0.072352803125 0.23770725937499998 0.111464546875 0.23386664375000002 0.1489320921875 0.22264936249999998 0.1662833640625 0.2133836390625 0.175440096875 0.1995959703125 0.18583920468749998 0.123502775 0.16716621874999998 0.09798990468749999 0.1119138734375 0.08032551875 0.075873759375 0.07984576875 0.0062519 0.0978349671875 0 0.10541129062500001 0 0.2097490578125
5 0 0.2095357734375 0.0030692859375 0.212527128125 0.02423235 0.225453896875 0.065569840625 0.2372556796875 0.10928109687500001 0.2348182140625 0.21548232031249998 0.2089805328125 0.253838046875 0.1943944578125 0.26658980312499997 0.183725584375 0.2764602515625 0.164089396875 0.2773801421875 0.12918580468750002 0.266610925 0.1040620125 0.255884003125 0.0955321953125 0.22469188281250002 0.08399449375 0.186468321875 0.0844663125 0.14764735625 0.0924397984375 0.127182153125 0.089431915625 0.10401010625 0.07993644062500001 0.0792361625 0.07965827187499999 0.057052753125 0.08421455 0.040705971875000004 0.091764628125 0.0073145468749999994 0.09694589218750001 0 0.10601124531249999 0 0.2095357734375
5 0.39205873125 1 0.3839887484375 0.9887397 0.36748335781249997 0.9780426562500001 0.33062907343750003 0.965990878125 0.2946471140625 0.9663377000000001 0.27240555 0.970067403125 0.24720866562500002 0.9797706203125 0.22302990625 1 0.39205873125 1
5 0.6369968421875 1 0.66677965625 0.9779493671875 0.6810169984375001 0.9564100375000001 0.6838718640625 0.9330159765625 0.6767558250000001 0.9118375562500001 0.654604125 0.8848590359375 0.6184635578125001 0.8669587390625001 0.58118633125 0.8648883421875 0.54679041875 0.8717852562499999 0.5156247390625001 0.892608925 0.49518598281250004 0.9219624124999999 0.49145879218750005 0.9329578671875 0.49279635937500005 0.9519690625000001 0.5069861359375001 0.9777319312499999 0.521540703125 0.9926868421874999 0.5337266703125 1 0.593909440625 1 0.5961533078125 0.997654209375 0.5985012671875001 1 0.6369968421875 1
5 0.5436159328125 1 0.54341748125 0.9997650953124999 0.514059878125 0.9823163781250001 0.5042211390625 0.9704177656249999 0.4893017875 0.9662708125 0.47268008593750005 0.95392061875 0.45457280000000005 0.9524408859375001 0.4504385203125 0.9576503234375 0.410306434375 0.9789739859375001 0.392590375 0.9990476656249999 0.39287620156249997 1 0.5436159328125 1
5 0.3901795703125 0.9327967734374999 0.3975017890625 0.9249201156250001 0.41626463593749996 0.9197247624999999 0.4297882640625 0.9040339453125 0.442788496875 0.8809039703125 0.441932025 0.8527379640625 0.4332722453125 0.8416034265624999 0.42277794531249996 0.8363799015625 0.3920352109375 0.8472221875000001 0.38745154843749996 0.8300516390625001 0.3803196546875 0.8246406171875 0.3323736640625 0.8148669765625 0.2872931296875 0.8298280453125001 0.2704070953125 0.8457063546875 0.2580465703125 0.8779286453124999 0.261509428125 0.8951616921875001 0.27511765625 0.9126588234374999 0.3000079109375 0.9145901375 0.3211128171875 0.9266903328125 0.3441685546875 0.9345326625 0.3575600171875 0.9329560984375 0.3692332734375 0.9389436984374999 0.3759580828125 0.9385687046875001 0.3901795703125 0.9327967734374999
5 0.583523065625 0.7701589484375 0.5809906875 0.7661510765624999 0.55233094375 0.758621246875 0.6086935046875 0.728094359375 0.606478346875 0.7605807296875 0.5966078984375 0.780216915625 0.580958978125 0.7976858765625 0.613171446875 0.7917405328125 0.6290529874999999 0.7775778671875 0.6336683578125 0.7632136187499999 0.6319237046875 0.7384164109375 0.622798684375 0.7206692796875 0.6094230765625 0.7064784453125 0.5790609796874999 0.690745375 0.5664413890625 0.6872999984375 0.5361797484374999 0.6889874734375 0.494228996875 0.70045475 0.4935734359375 0.7071298374999999 0.461826209375 0.7196877703125 0.44830258125 0.7353785875 0.44467584374999997 0.7637945859374999 0.4557675484375 0.7615164484375 0.49321924062500005 0.766066565625 0.5144986140625 0.78064648125 0.5802769718749999 0.771999590625 0.583523065625 0.7701589484375
5 0.7887618468750001 0.5686862453125 0.7848919015625 0.54566718125 0.7679212671875 0.5283575468749999 0.7488094875 0.5285934578125 0.7033800234375 0.5385950859374999 0.65848980625 0.5402684765625 0.635418215625 0.548193546875 0.6164227453125 0.5500826078125 0.60455916875 0.5573826859375 0.6008901343749999 0.5692047140625001 0.6024021671875001 0.590695628125 0.6128806124999999 0.611686553125 0.6149160390625 0.64061663125 0.6238665953125 0.6558840375 0.641667253125 0.668998303125 0.654286846875 0.6724436828125 0.6864993125 0.666498340625 0.7223649609375 0.6644983671875 0.7805355953124999 0.595699096875 0.7887618468750001 0.5686862453125