3 0.7929717171874999 0.523075609375 0.7950984734375 0.4955747453125 0.7798595453125 0.45719407656250005 0.717434603125 0.385131775 0.6578782453125 0.3464460078125 0.5541393359375 0.318523759375 0.39140043750000003 0.29757379375 0.32244348125 0.29556188906249997 0.30281615624999997 0.30111432968749996 0.27809233125 0.2924896359375 0.265873728125 0.29993769531250003 0.25632139062500003 0.3241593625 0.23909058125 0.3243481765625 0.23431441406250003 0.336459009375 0.1976417375 0.35741961093749997 0.1712800859375 0.416419521875 0.184257378125 0.4712324375 0.2442183671875 0.5431240578125001 0.3087532109375 0.5863019171875 0.370604925 0.61132259375 0.3731363171875 0.6170275828125 0.432439778125 0.634959690625 0.5901158921875 0.6444996796875 0.6735868109375 0.6253984328125 0.754273440625 0.5798385390624999 0.7929717171874999 0.523075609375
3 0.8087887453124999 0.20483471562500002 0.815539934375 0.15277082343749998 0.800284146875 0.11300657656249999 0.74280396875 0.0426692140625 0.5043634328125 0.026152178124999998 0.3190850203125 0.0165451484375 0.2700285203125 0.0348029125 0.2260988640625 0.0663200875 0.19453955 0.10284140312500001 0.1801604671875 0.1350231703125 0.1882267140625 0.190878303125 0.23811271875 0.2441006953125 0.2802865296875 0.2705230796875 0.391535315625 0.3086424109375 0.536992825 0.3256304578125 0.63045443125 0.31828055312500003 0.6819614015625 0.302494765625 0.7455858203125 0.27095945625 0.774849778125 0.24810323437499998 0.8087887453124999 0.20483471562500002
3 0.75555234375 0.8868220015625001 0.78223433125 0.8541100578125 0.7941326015625 0.8203740312500001 0.7857966000000001 0.742381665625 0.758440225 0.71975051875 0.6964704921875 0.685044803125 0.5728176453125 0.6391541828125 0.4742089546875 0.628176221875 0.40037467343750005 0.6299736890625 0.2900025921875 0.6638003734375 0.241161890625 0.69635976875 0.21447990312499998 0.7290717109375 0.198024640625 0.7929050765625 0.20612460625 0.8515273609375 0.23113504687500003 0.8836728671875 0.25844084375 0.90215328125 0.3376751046875 0.9394373390625 0.43900064062500005 0.9713396375000001 0.48831341406249995 0.9775204046875 0.5325971234375 0.97505835 0.64799826875 0.9498744890624999 0.6994209421875001 0.9271708171874999 0.75555234375 0.8868220015625001
3 1 0.2093606953125 0.9024189484375 0.2113205828125 0.80173408125 0.23199421718750002 0.73816024375 0.267680259375 0.7115625546875 0.3073100875 0.7271386765625001 0.3733623015625 0.8144897625 0.4706522234375 0.8591612453125 0.50001244375 0.918565865625 0.5262460140624999 0.9630013140625 0.5362361531250001 1 0.5387990921875 1 0.2093606953125
3 1 0.532412278125 0.8989048234375 0.5290313015625 0.842351928125 0.534790684375 0.8129193734375001 0.5438111359375 0.7396920406249999 0.5954173796875 0.7227141265625 0.6163598515625 0.7156931828124999 0.6462865078125 0.7210763 0.6839844546875 0.80071519375 0.7544743671874999 0.8577738796875 0.7902222984375 0.9171953593750001 0.817839446875 1 0.838274059375 1 0.532412278125
3 1 0.8373995078125 0.9469313890625 0.8337233875000001 0.8707174515625 0.842268059375 0.8191767625 0.8552866921875 0.711673265625 0.9224899093750001 0.692248259375 0.9446452781250001 0.6805185859375 0.9922170781249999 0.68104453125 1 1 1 1 0.8373995078125
3 0.26486009374999997 1 0.26635535312499997 0.9455562171875 0.24861875156250002 0.9042377125 0.22612284374999997 0.87641361875 0.1367461578125 0.8149260249999999 0.0650217734375 0.78783905 0.0230741046875 0.7787510296875 0.0293732921875 0.99134863125 0.154264771875 1 0.26486009374999997 1
3 0.12365084687500001 0.7504280703124999 0.18977293906249998 0.7218305968750001 0.2456851625 0.6634952765625 0.2671694890625 0.6083047359375 0.2467834796875 0.5515962015625 0.2168282734375 0.5177257562500001 0.1598538859375 0.4888957125 0.090610315625 0.46336299375 0.0141434828125 0.45115400625 0.014685528125 0.495636596875 0.022765125 0.768322975 0.03032411875 0.76884659375 0.12365084687500001 0.7504280703124999
3 0.076708171875 0.1306217375 0.010130871875 0.121862628125 0.019071385937499997 0.45149536875 0.1000952109375 0.43360701874999996 0.1441428859375 0.41177487968750004 0.24172312968749998 0.3383546296875 0.2582795515625 0.28282272656249996 0.2504493421875 0.24633767812500001 0.170776728125 0.1730806109375 0.1286366375 0.1494253796875 0.076708171875 0.1306217375
3 0.2896052640625 0.025099739062499998 0.2789008609375 0.014461526562499999 0.008651368750000001 0.00044858906249999996 0.01021516875 0.1287805140625 0.0742105015625 0.1276839015625 0.19686862656249998 0.091943465625 0.2603581671875 0.0493395375 0.27485526718750003 0.026842809375 0.2896052640625 0.025099739062499998
3 1 0.06048546406250001 0.740340015625 0.042498534375 0.80036844375 0.1199244625 0.8476218984375 0.159140403125 0.9168991890625 0.1874402765625 1 0.2078883828125 1 0.06048546406250001